1234982964162772994
1234992440185982976
1234996363131113473
1234996929248907264
1234998534081875969
1235004057170989056
1235007350945308672
1235009584999419904
1235010281908162560
1235019387121414147
1235022554860933120
1235023431722139648
1235024155784794113
1235025329116200960
1235030112048836608
1235034114413252610
1235035025608933377
1235035261869928448
1235037024026935296
1235038153649647617
1235038837954342912
1235042090653904896
1235044940712992769
1235050291256410113
1235052652137836545
1235053529653379073
1235058736357453825
1235058973943816198
1235061239560040448
1235066217465077760
1235067837128962048
1235067969232752640
1235070304398934016
1235071242383720449
1235071298365251586
1235075523979558912
1235076657238532097
1235076762356396032
1235076779993260032
1235078300835467266
1235086886026096640
1235097933508251651
1235119604172640256
1235125570595418112
1235129829059686401
1235149058521653248
1235149093971922944
1235158423328739329
1235159843012562945
1235162156221583362
1235164436564004864
1235167704388165633
1235168069787537409
1235171958557413376
1235178277750308865
1235181378414747649
1235184010730577920
1235189072546721794
1235197183416205313
1235214203872595969
1235220129820049409
1235222367493910528
1235225325090545670
1235227436150919168
1235236995443683328
1235257533935296517
1235257603279724545
1235261594759835666
1235262715402301442
1235265098912067584
1235271336534118401
1235275221797670912
1235278719142498306
1235288066107023361
1235288152429953025
1235291718750261248
1235292783415566336
1235306789740195840
1235311793737785344
1235313591219376128
1235322720654680065
1235331959422963712
1235337656910913537
1235344102889271296
1235346562588512256
1235352256553398272
1235367345914339335
1235387829858992130
1235446086317338625
1235452747069063170
1235452749325709313
1235458695556984832
1235458968086097920
1235459161158307841
1235461316925681664
1235462582594658304
1235467262804537344
1235475450866122753
1235477662929481728
1235482963384692736
1235485557771427841
1235490495721353242
1235498052070158341
1235498296296144898
1235505603587473408
1235509133425721344
1235511689472143361
1235513134800134145
1235513152558821376
1235513152575541249
1235513540146012160
1235516050323595271
1235520450094149632
1235528239482888192
1235539043552817153
1235539740738424837
1235543359403499521
1235553390358179841
1235554749904064513
1235566010171904004
1235570486383435782
1235576043630735362
1235576952829825024
1235581227559792641
1235594241595883520
1235596211601567746
1235598050070061061
1235604615321784320
1235608221592752128
1235612019845468160
1235613689673326593
1235624494548611072
1235626404647260167
1235633956760047617
1235639301788090368
1235642244817915905
1235646940945186818
1235647131362394112
1235653080126869504
1235654560351498240
1235674602057003009
1235675575777456130
1235678745551306753
1235681070101774336
1235683814682345472
1235687058171183110
1235699129780559873
1235708190450475008
1235712984850128896
1235715426534948866
1235718470911889408
1235721512449081346
1235726048647659520
1235728873632956416
1235730329228328960
1235731589834760193
1235733844516626432
1235739638687399936
1235744416121438209
1235751965625376768
1235768277571420160
1235774874863403008
1235782116895531009
1235784944212901889
1235784945475432450
1235792487463161856
1235800035901702146
1235807585250533376
1235815154438139905
1235822690566418438
1235830234848432132
1235837797736394758
1235845340927897600
1235852893086814208
1235860441517051904
1235867986881212418
1235875534283948032
1235883092935655425
1235896953264889861
1235905751392104450
1235914021120942080
1235922938530013186
1235925098340679680
1235928944865611776
1235940612966420481
1235943853082972161
1235951059866181632
1235952209617195008
1235952243716902916
1235952260565303296
1235952277720051713
1235962653887082496
1235973689138655232
1235988941960097792
1235991747928481796
1235991844728827915
1235999872769277955
1236005404351610880
1236007906962804742
1236015822121955329
1236017799111356416
1236024584744439815
1236031794568364032
1236037321360920588
1236042954587942912
1236048690432946182
1236054568968105984
1236058808205656064
1236063274736680960
1236071172367933441
1236075858487635969
1236084174051831809
1236087853983162368
1236091213805244422
1236103044007374853
1236104567508566016
1236120403904548870
1236126979520376834
1236138520525312002
1236144064275283968
1236146770486403072
1236147460453601286
1236151104313929728
1236154884455649280
1236158649120239618
1236160552793190401
1236166195503435777
1236175562890231808
1236177525979656194
1236191004782473218
1236204531475779584
1236207734716067841
1236218990483197952
1236227080326651905
1236237009821347840
1236244092432023552
1236245483644956673
1236253043324334080
1236254568666877952
1236294739298791425
1236313181049544704
1236316939435347971
1236321095336288262
1236324250816065537
1236328026729742337
1236331284944883712
1236333553945886721
1236339344895610883
1236342870476455941
1236356200175996930
1236359734304944129
1236361742197850113
1236376183836676104
1236384691848175618
1236388663308824577
1236399573528186882
1236413804893921281
1236422135482068994
1236434973290307584
1236441380920180736
1236455752459530240
1236459071957536769
1236476457494417408
1236483796410793986
1236491829111029770
1236501153325744128
1236509723320598529
1236530847303557120
1236540490675302405
1236551770102468608
1236563206841217024
1236588732037435392
1236589999216300035
1236600327962529795
1236605023737561088
1236615430539816960
1236622965497892864
1236630518499880960
1236633749514747906
1236648195834482694
1236655435479990272
1236659647781711873
1236667512139517953
1236672961752506369
1236674537862893570
1236682607087288321
1236687134544801792
1236689658362413059
1236696201610891271
1236714320240746496
1236716417757708291
1236720598962888706
1236728866028257280
1236735450594885634
1236741446822215682
1236750923902455809
1236755346468876289
1236764940700127236
1236770939821572096
1236787037094756357
1236788856902561792
1236798022207578121
1236801891620786177
1236811964879376390
1236827944137510912
1236833852154413056
1236842899704352771
1236890057077858305
1236894491363196930
1236895170429440000
1236923860060078080
1236938210158223361
1236952413531144192
1236962452828573696
1236974974751121409
1236983614954450945
1236985850921201670
1236990964264308742
1236996918078779392
1236998662238212099
1237003073974865921
1237006983930294273
1237010540196777984
1237024974424158211
1237029622916820994
1237037707009933314
1237039537748090880
1237041975783817217
1237049314398044168
1237057331805986816
1237064628032634884
1237082473890230276
1237089237591343105
1237092030033133574
1237095886703996929
1237097238633029633
1237099938179399680
1237104387882921984
1237107648413290497
1237112477986500608
1237112687722725376
1237118114694942721
1237120246009540614
1237121285542600706
1237122247271297024
1237127534724239360
1237127975461666817
1237137096751624192
1237149523753021441
1237152701701644290
1237155086910083075
1237159515356827654
1237168956240203776
1237179745697173505
1237185431650869250
1237188434407690243
1237190443978362880
1237191714097504256
1237209078159552512
1237224931512987654
1237225934283030528
1237236001501782016
1237238443538812928
1237238478372470784
1237240266584702976
1237240284041355265
1237240493366562816
1237252189833302016
1237272604303659008
1237283029611053056
1237306115316203522
1237324283791257601
1237339241958576128
1237341655205916673
1237345688696107010
1237345741535936513
1237347738674696192
1237355297137721344
1237363282425544706
1237370384502214656
1237373232883421184
1237381859321020417
1237383634778304512
1237385486118912000
1237388642076647425
1237388712494891008
1237407194842267649
1237407239088025602
1237407318490431488
1237407406809845761
1237407504155451393
1237408363748757509
1237418973148385286
1237419044027990019
1237426026449375232
1237426355035389958
1237427499501531137
1237430169725480960
1237430850465251329
1237430976126627841
1237436192230125569
1237436245728509952
1237446721501827072
1237446764678053889
1237447031872016384
1237449021570142208
1237449021654020109
1237452814596571139
1237473283882221569
1237481012147499008
1237491549564526598
1237498735485124610
1237498813641826311
1237506716201345030
1237508589415215105
1237509848738287622
1237517838660669441
1237522752841506816
1237523773034618881
1237526287956115457
1237527170718695424
1237529423588425730
1237529432216092672
1237529737662066688
1237535123026751489
1237545667070844929
1237545756971565059
1237557226945908736
1237560458724294657
1237560694230286337
1237565530292097024
1237569321276043264
1237580470084227073
1237585994028740608
1237603169191919616
1237603597652647937
1237603859922440192
1237603929870884865
1237604237544009728
1237604517643833346
1237605507256299525
1237606636543336448
1237606664892645378
1237607199364415488
1237620205209206784
1237631143152943105
1237645717079912448
1237664082846760960
1237674003013292033
1237674011980595201
1237674125709266944
1237691096832016384
1237699160532549632
1237703125227778050
1237704164433637376
1237708222502404096
1237713816860921857
1237713949317005317
1237719590228148224
1237723612062322690
1237723682652532737
1237731234698182657
1237733982571302912
1237748054683521025
1237754160147283968
1237756347497811969
1237756926315954176
1237757771736657920
1237758697184604160
1237758973220093952
1237762382878904320
1237762463061467137
1237770752885166080
1237770815178932224
1237770833143218177
1237774053177544706
1237779750501912576
1237790976422350851
1237795927886368769
1237796758970916865
1237799939780075522
1237802925193338880
1237808474094030852
1237814195049107456
1237814307804585984
1237814541737746432
1237819043945594880
1237826146563170305
1237831839580110853
1237834430401609729
1237835213109166082
1237838205753257985
1237843721304961026
1237847404621119493
1237852886307991553
1237857113176592389
1237865072497549314
1237869940314492931
1237878132306145282
1237883530899677184
1237886547158065152
1237902915693686784
1237909316616818688
1237915785944801283
1237918291982790658
1237920898608500736
1237924486281940992
1237927345958330373
1237927707033382912
1237936615101792262
1237940857552146432
1237951732686168065
1237958460085612545
1237958565647781889
1237958662242664448
1237959286996811776
1237959339786240002
1237959401396469760
1237979034279194624
1237993748346351616
1237997012282417152
1238004577951252482
1238011251458027520
1238020878950191106
1238029070555906049
1238034774729666560
1238036197097844737
1238042318781001730
1238042548691755008
1238048591702351872
1238049025980588032
1238056340829933568
1238057418212421632
1238063798096928771
1238064985538002944
1238073030175264769
1238082612956213249
1238083070600908802
1238084812415602688
1238095171918725121
1238095924829868035
1238097912195883008
1238098693976457216
1238099409344385025
1238104358216249344
1238104547010150400
1238111747887726593
1238124051094216704
1238125436858753026
1238125497189572608
1238128257398169606
1238137648360886273
1238137717369851906
1238138785092833281
1238145874661949442
1238146435826233345
1238148258280726528
1238148508764561408
1238162389381582848
1238162971437805570
1238166530124382208
1238168001960173574
1238169968090505217
1238171374549708801
1238174438555815936
1238181884410187776
1238186060242472960
1238192075222536192
1238194480697815042
1238198586791337984
1238200535217553419
1238205364954378240
1238205709143195652
1238206153479372809
1238206388599492614
1238206653490704384
1238214690624462848
1238214692000206848
1238224796409872384
1238233688812511235
1238236225472999427
1238237598813958144
1238241996906598400
1238245926180962313
1238246361432195073
1238252709544943619
1238256225483096070
1238261275265765377
1238267547730018305
1238283848783474688
1238287644112674816
1238289064345907201
1238298229680345088
1238298407212584961
1238298424186937344
1238298593355849729
1238321502430400515
1238323350038077445
1238329213083664384
1238339246869659649
1238345540527706113
1238353116610940929
1238361283281510401
1238382049813291008
1238389602366480385
1238397159566905349
1238404719917387776
1238412246562242560
1238414146590461954
1238422696989528066
1238423307285823489
1238426098381328385
1238428688254992385
1238435137148289024
1238440913606791169
1238447231449141248
1238451889454317570
1238458745044316160
1238469059580174338
1238473713101791232
1238474208021266434
1238499532033449985
1238507297942450178
1238508671220539392
1238513390877892608
1238514679951036418
1238516614548652032
1238518061105328130
1238520641374031872
1238523102675570688
1238526021265219584
1238528768806961155
1238536513132036096
1238541358236864512
1238547080060248065
1238549390391992325
1238552349712547841
1238556234258829315
1238557757890060289
1238571558567923712
1238581366377381889
1238589009640804357
1238589392723365889
1238602471892832260
1238608235554312193
1238615584163708929
1238626923435220993
1238633959476678656
1238641802812559362
1238661388572200962
1238672715961241600
1238682212456968192
1238684051453521923
1238693452520587269
1238695367492894721
1238706691715272704
1238718021591597056
1238731464189136896
1238733103335706624
1238742246557614082
1238753759309766656
1238753776145760259
1238763305495400449
1238771211594858496
1238781102644441090
1238789730881490945
1238797943500668937
1238804465752461313
1238809036411342848
1238819100647993344
1238825830958215168
1238829770009391106
1238838972538855424
1238842283950252034
1238842391639048193
1238844845059452930
1238851371048284161
1238852649732235264
1238854932717068288
1238856190261592066
1238856784129003520
1238863844430229505
1238872870983544844
1238878954229989381
1238884304584880128
1238884471547531265
1238890263466180613
1238901090373992454
1238901124377255937
1238911503325151233
1238917184426070019
1238924619920412675
1238936398771695616
1238947441745039360
1238956153364779008
1238965141531693059
1238969661821276176
1238976653554077696
1238976713557753856
1238987789380784128
1238994358139006978
1239011950010535936
1239018920859893760
1239023791055011840
1239031363761774595
1239035105601040386
1239052891568115712
1239061529888251904
1239072849803034624
1239084192048320512
1239084874822299648
1239092076320563200
1239094113364062208
1239106820939091968
1239118151281004546
1239119652187508736
1239125322135732224
1239128034340409345
1239132190312665090
1239144599597219840
1239145891715592192
1239155901988208640
1239160731741741056
1239172960327479297
1239181310020726790
1239185188086824961
1239199317811957760
1239204788690194432
1239207748300087296
1239211310639874048
1239215793205923840
1239218822940430338
1239225472577343491
1239236689412927490
1239240686089785345
1239246247451594752
1239247481004851205
1239250520822423553
1239254311282126849
1239260353239932935
1239269894442627073
1239288338001035271
1239295073495453696
1239296780992425984
1239299766212866052
1239301175104634880
1239305734824833024
1239311190460960768
1239322512736940032
1239329970083725316
1239334088865128453
1239340820496551936
1239345494490517510
1239346555083259908
1239350944405639170
1239356867836551173
1239363292570714112
1239374892870615041
1239382894713413632
1239384406000840704
1239427740614492162
1239428383504826370
1239429031466057730
1239429998878089217
1239465769622294528
1239466013722324992
1239486341521571841
1239496237310709761
1239505687790653447
1239511293243150338
1239513942105493505
1239517024306503682
1239520423722835968
1239524351894065154
1239531394952507394
1239531898680074241
1239536416964710401
1239546440902479878
1239552436781682688
1239557798154899458
1239561548856729602
1239567129558614018
1239570894651043840
1239572379984068608
1239575925156691970
1239581453589065734
1239584976619868162
1239594814217293828
1239596227785887745
1239608893950570496
1239612743088553984
1239616911442358278
1239619577232982016
1239623089383751685
1239627000039575555
1239631306952265729
1239635080043212800
1239637074099277825
1239638308562644992
1239639335298904064
1239644632054747137
1239645548380131329
1239646891685613573
1239651627382038529
1239651670591778816
1239657197753286656
1239665496582168576
1239665608947642369
1239666120078118912
1239667515724312581
1239681742052765699
1239681820171657220
1239688941265129472
1239695394508017664
1239703021770203136
1239710797888196609
1239713466799271936
1239725729929220096
1239736713808928770
1239745871073497088
1239748703382122498
1239777830491299842
1239791381121507330
1239798651825852417
1239798774211448832
1239799080550793216
1239803762715303936
1239829100761620485
1239829549128523776
1239840835438612482
1239857525287198722
1239865837756059649
1239868365830860802
1239871470655942657
1239877462366072832
1239885725325119488
1239889457031118848
1239892018719084548
1239900946496446464
1239901860540137472
1239903779090300931
1239905186182725634
1239908858983833600
1239910452462792704
1239917679714189315
1239918226596904968
1239921807962116096
1239922199299063808
1239924084257050624
1239928189012631552
1239942899242074113
1239945321196773376
1239949403273773057
1239949523708936193
1239949782547927040
1239966167797653504
1239973301092356101
1239976524272427009
1239986195855298561
1239989925136797697
1239993249860812803
1240005602685988864
1240009331518705668
1240012218328023041
1240012296707084289
1240023427131625479
1240027358008139778
1240034186876137473
1240037931068403717
1240043015529529344
1240043818898149378
1240043862774644736
1240043871691776001
1240045824803028993
1240051013949820928
1240051074121101313
1240055718226595843
1240058352878727168
1240062233155166209
1240065734224510978
1240066058515611653
1240071738152583175
1240075503022870528
1240075957781889027
1240078791122264065
1240092714831675392
1240099307761668099
1240106413978013696
1240114551175208961
1240114629784866817
1240126080490647555
1240126230222995456
1240153916454641665
1240167780219006976
1240176902435999744
1240181146857717760
1240196020190969858
1240196046707396608
1240196840450150400
1240196857965547520
1240196866857410560
1240199157241036800
1240215999946936320
1240216417884135424
1240221424213770240
1240222861966675969
1240226444187500546
1240230105328295936
1240240318320181248
1240249139419590656
1240254409843621888
1240261762102018052
1240262725760094210
1240273206147235840
1240277085500985344
1240279581585813505
1240279991524438017
1240280034235101184
1240280094171631618
1240280162513674241
1240280205169655809
1240280239403655169
1240292158143332354
1240300758488223744
1240301942263463938
1240303358361157634
1240306216582221825
1240308029725331459
1240308158427533313
1240308175729016834
1240311354902360070
1240312052239020039
1240312145662955520
1240314399224668160
1240319705455493121
1240326021901139969
1240334671470374918
1240338597976444932
1240338873999413248
1240342596213506052
1240344986589310976
1240345950096326661
1240349954599784449
1240352541734506497
1240360114613366790
1240361718934577153
1240366625913622528
1240370808826081281
1240376207914536962
1240380876179079173
1240384088030294016
1240389031504031746
1240395696647426049
1240399098232082439
1240402974570143749
1240407675760005122
1240411433206235152
1240414065807196167
1240421995503894529
1240428762698862592
1240429295442550784
1240435067085783046
1240438954651942912
1240478678397718529
1240480894776983552
1240481445661065216
1240484653875761156
1240488434055237639
1240492212594630657
1240495992383975424
1240503780568940550
1240511091815469056
1240518638102294528
1240526181826428930
1240533722920878080
1240545055745757184
1240548829612716032
1240556380706279424
1240563929530748928
1240571499528040448
1240574874248253440
1240586591640465408
1240587847859605510
1240589431612026880
1240594155262414848
1240596981829046272
1240601688622407680
1240607267994636290
1240620296366931973
1240626531518558208
1240630378437713921
1240635992970846208
1240651998762065926
1240652554435989506
1240654210208796677
1240667992637222913
1240672228699709441
1240676706471628800
1240680217137553413
1240687264956465152
1240688698347249672
1240691150345797632
1240692483245215744
1240696327933005824
1240703602550657025
1240704294879244289
1240704346775384064
1240707837581381633
1240714933647671297
1240721046162026496
1240726086750797824
1240729006783238146
1240731583927267336
1240734059275456514
1240737583556112391
1240740356804751373
1240745142107156499
1240750912269885441
1240751784915800070
1240753693290569728
1240757207827976193
1240759737563729920
1240766012036964354
1240771990702751746
1240774556547190784
1240778356297281537
1240782115081502725
1240787155649265666
1240791173310136320
1240796718872100869
1240801220392112130
1240801504346456071
1240810878414532609
1240823136385466368
1240828163179110400
1240831146147135489
1240843067571257344
1240843282428510208
1240847043343667205
1240850815876771840
1240851830332182528
1240854599151554567
1240858359202566146
1240865928172240903
1240869696037101568
1240881027498770432
1240888204435304448
1240889580603281408
1240896116972978178
1240903671724093440
1240911222985445376
1240916868472492032
1240918777698684928
1240922778099945472
1240926323951968259
1240933877704769539
1240941416689405952
1240948959201411077
1240953146161205248
1240956532197675008
1240960030633005056
1240963688053514247
1240964079109451780
1240971904183402498
1240979178557669376
1240987956783001601
1240994275577430016
1240997681465634822
1240998441997733894
1240998518371778560
1241003716284743681
1241004952253759488
1241008489906003969
1241009364581986304
1241009556496531457
1241025354099286016
1241028431896285185
1241028515656617986
1241028584262770688
1241035253239726082
1241036172077535233
1241037392154447877
1241053673528201216
1241053699453128712
1241053810916757505
1241062227832188930
1241067945050222600
1241071236983205888
1241071245615136770
1241086934019178497
1241094900650856448
1241097403933044737
1241105754460950529
1241113059189567490
1241121093605298179
1241129050594304000
1241133076111151105
1241146315565936640
1241150301475872768
1241155337165705217
1241160373094486017
1241166896529014784
1241166899507081218
1241173194251407366
1241181739273371650
1241191849072693248
1241202643827150853
1241217781099618305
1241235857702412289
1241252363614269441
1241259093756653568
1241273613027868675
1241291515181305856
1241296258649731074
1241297762802679809
1241307572604489732
1241318915445346305
1241326451741384705
1241326924900847619
1241338533379481601
1241338576022970369
1241349112840282113
1241358373603459072
1241364220006092801
1241368745446170625
1241379312466636805
1241382601807532033
1241382610300997634
1241386265213353984
1241393735759429638
1241394402888691717
1241398286801657858
1241398321178128384
1241401919094095873
1241416963215286273
1241428338788519942
1241428356270370817
1241428408267128840
1241431151845281792
1241433939090210824
1241439704815407108
1241447246769664001
1241452280966234119
1241462350508707842
1241469288978042886
1241477450607050759
1241485667378528258
1241498688079396870
1241512885790048256
1241518851524829187
1241525651846414339
1241533383299272711
1241544499995828224
1241558261683433475
1241572262194667522
1241583133654474757
1241594463765610497
1241605797030879232
1241613341086420992
1241618453322137600
1241628451481751553
1241628507123453953
1241658649224925184
1241666204156268544
1241671692394663938
1241676758648270848
1241692844978569216
1241705769885712384
1241711994912288768
1241716311723515906
1241725328365686787
1241734144041922562
1241740680881463296
1241747030780903424
1241753015952039937
1241756711758815236
1241762841780248583
1241765842397859840
1241779170465759234
1241785485984497665
1241785726649487360
1241787995033939980
1241799048715276288
1241811147701043200
1241818327879766017
1241824318398566400
1241830157473775622
1241843568282607621
1241861831989301249
1241868732219232258
1241870804935159818
1241876385737650178
1241890056912228354
1241900250249531392
1241907580164866057
1241908195955814400
1241955815646511105
1241982656813961216
1242013234019930114
1242013647645413376
1242035253205762051
1242049078059565057
1242055482199748608
1242066373569896448
1242073743528202240
1242078253743030272
1242080670584836096
1242090212261597186
1242098719983636480
1242104703909068808
1242119540445777921
1242128414678626304
1242130262684848128
1242133398921064453
1242138301060046848
1242143475686146054
1242148616808120320
1242153831888302084
1242158877061386242
1242161466553372673
1242166743566618625
1242185920918495232
1242188889395204097
1242189354635866113
1242192606756560901
1242194467337224195
1242197835027709954
1242202484086583300
1242207334253891587
1242213065925541889
1242216385775837186
1242221152132530177
1242223436648394758
1242225431119568898
1242226616429875201
1242242046137708546
1242247533637836801
1242256310705557505
1242262897415409664
1242268554478727176
1242277973941792773
1242282965775892481
1242327367089078272
1242332500896202752
1242375645528829952
1242394757587963904
1242394878753017862
1242403117028835328
1242408265595707392
1242413332017090560
1242416877256806400
1242419246807879680
1242421610126213122
1242426397534097408
1242431021385166850
1242435282441515011
1242445274984976384
1242446280015712258
1242451048054304768
1242459184496627712
1242468663464038401
1242479652788109314
1242486537473921025
1242492654769901568
1242496545477582849
1242500830135287808
1242504144335917059
1242509371021709312
1242511897032867846
1242511993136918528
1242516027352788997
1242524600266895365
1242526309022040070
1242527800747229186
1242539813686870016
1242543073156124673
1242545346024280070
1242549538986110982
1242554195808595968
1242556565615411204
1242559567948591106
1242567877435285509
1242572426984251392
1242574648488923143
1242578708403228672
1242582734293393410
1242586509250830336
1242592298715799552
1242593027576803335
1242593267293831175
1242595422465597440
1242601273372925952
1242613799758237710
1242620450234081281
1242633337052762112
1242633533685993474
1242639077716836354
1242679687756894215
1242681948801323008
1242697702464503808
1242701800840597504
1242706842037489664
1242714283303108610
1242736085848948736
1242749777432981504
1242750159500513281
1242753153981919232
1242764511481860097
1242768006364696577
1242775348774875137
1242775865739685894
1242778958980100097
1242779037178658816
1242784236156923904
1242792101227704321
1242792119598821377
1242809047717498882
1242811756684115968
1242833188524785671
1242837427011694592
1242843716915781632
1242851281527615488
1242859456955908102
1242895304061575168
1242900416217653248
1242907619024670720
1242912270092578816
1242915163029811200
1242915279862185984
1242919119344865297
1242928021654437888
1242931535747198984
1242934282051518464
1242938325641674759
1242940605275287553
1242943867583901698
1242951224791642117
1242957504721629185
1242960474523787266
1242964520563335170
1242975806340636679
1242979591339290624
1242987152339800065
1242994395760263168
1243002023370514439
1243012312031735808
1243012970487189505
1243017592996012032
1243023536190558210
1243024389844713473
1243029109049118720
1243029136165273604
1243029172211064833
1243029325823303688
1243032716146290689
1243040275850768384
1243047802780954625
1243062913490989056
1243074229815447554
1243085530126004224
1243089328877776903
1243100646544494592
1243108201672970241
1243115756214276096
1243134860203642882
1243138265957519361
1243138403467694082
1243138405422202880
1243145966095601665
1243146623846416389
1243146666808692738
1243152886512652295
1243154034703335424
1243155219036372994
1243159736259936257
1243161046216593408
1243169168314286080
1243174175487004678
1243186353237524480
1243191234254036993
1243199309069287426
1243201538102824960
1243201555509260296
1243201598828032006
1243202701095243778
1243204011731439618
1243204587340943362
1243211502955479041
1243213059520372739
1243218444658540548
1243222063969681411
1243222090150535168
1243222151324450817
1243226854976258049
1243228234554249218
1243230272067379200
1243233226182795267
1243240975042043904
1243244101216227328
1243247600888877057
1243264394177495040
1243270771172167682
1243272789282471936
1243281868671369223
1243294929943748610
1243299564200833025
1243307264062210054
1243314044980920320
1243314301265498113
1243324119392845824
1243326897875976193
1243331168965140481
1243333943891496964
1243337704672317445
1243338226083008512
1243341485812088838
1243364904452513795
1243368035424940033
1243379994128089088
1243386938968567809
1243387057705082880
1243387339495202816
1243387660657287169
1243387745550008322
1243388545739264003
1243395093576339457
1243402649371684869
1243410184623423490
1243417737814142982
1243421505272217601
1243425283887099905
1243429232434466816
1243432834611720193
1243440398351163394
1243444153750630400
1243455488441933824
1243463033734791168
1243470595624513536
1243474367461367808
1243478136324526083
1243481914176155648
1243485691922788352
1243493226750885888
1243497780640964610
1243499989369847808
1243500781732532225
1243502308534767617
1243504810508369920
1243505970594136065
1243508333757313025
1243517351569604615
1243521709824770050
1243521769568219136
1243523442395185152
1243529620626030592
1243530986777968646
1243533358782656515
1243536611524194305
1243545238939095040
1243546206929932288
1243553644013924352
1243556272387108864
1243557824082456577
1243561179408146441
1243568739465023489
1243576287320571906
1243579528070529030
1243579571087212553
1243583820521144328
1243589793088450561
1243591306091397128
1243591996851265540
1243594276333924355
1243598938692820993
1243599691473981441
1243606485931905025
1243611151428132864
1243611719328575488
1243614033514770437
1243632220461576196
1243637847703408642
1243642462096293888
1243649827726114816
1243652537527554051
1243654736487878661
1243658550435594240
1243660580407443456
1243661759862505473
1243671118709391360
1243674675676397568
1243679631900905479
1243683730893549568
1243693067355463683
1243708390213386244
1243712974776303618
1243723323852435459
1243734309569277954
1243746155504242688
1243757473011507201
1243758251927310341
1243758260596944896
1243758349117788160
1243758428503367680
1243758481842282496
1243768792754388995
1243770321620086785
1243776349149503489
1243787681219436544
1243798998798008320
1243804188355833857
1243810333497712640
1243817870511013888
1243829191843471361
1243832983120941056
1243836988203155456
1243840525926572032
1243851852803911682
1243856212610998272
1243861993158848512
1243863178053849088
1243878284913512448
1243885841606467584
1243893378347143169
1243900920079044609
1243904691379097602
1243908471273197573
1243913534012096512
1243916014191964166
1243920553158770688
1243920973973331970
1243923569782001667
1243928249798922243
1243931138596524032
1243938671805554689
1243943837648723968
1243946229425491968
1243953784331608065
1243957599155953664
1243961323861553155
1243968874095271936
1243976410957590528
1243982470334353410
1243983555241394177
1244002688628645888
1244008126501748736
1244016421245464576
1244021736112295938
1244025996484980737
1244034052400840707
1244045899602497545
1244052473230352384
1244062032699232258
1244071223694209024
1244079092330307591
1244089688723513346
1244100988279152640
1244104771075739649
1244104771994353664
1244112334555156486
1244123642746847232
1244134957364150272
1244138889104838656
1244150050822983681
1244161389473693699
1244172710021914624
1244191766112329734
1244202904065576960
1244211080827633664
1244212213587607552
1244212390570401792
1244218018172940293
1244221784028782593
1244233112453820418
1244241679961522176
1244244429227134976
1244249199639777281
1244259974953553921
1244265355197009920
1244277039160528898
1244282446130171907
1244293002283147264
1244296629982806021
1244300562591555584
1244303828175945728
1244308105548234753
1244317842641686528
1244326723828748289
1244334024862154757
1244343101038243846
1244355837642113025
1244360998779260928
1244367360837988357
1244377804646604803
1244385225968365573
1244390245015195648
1244403138293043200
1244409602181128192
1244415042830970882
1244420424697511936
1244431440588267520
1244439061353369600
1244451644647014400
1244462090821275648
1244468355819593728
1244477179687297025
1244485486829338624
1244503430615400448
1244519102657507330
1244524102767054853
1244524607866011649
1244524650761240578
1244545603096522756
1244550110329081857
1244562339770359808
1244573645646843906
1244578026320539648
1244580156330717184
1244587437843767296
1244594983413448712
1244618731164258304
1244624296200339457
1244625207517642753
1244636935555088385
1244644584682065922
1244650825156304897
1244658628507897856
1244676035876212736
1244690461689864194
1244692627582324739
1244695826871603205
1244700437955186688
1244703452351119364
1244707459350048768
1244709255632084997
1244714527431802882
1244715891826348034
1244715935723905026
1244726231968464896
1244732150366248960
1244733564178087936
1244735989119168514
1244736164986269701
1244738948083134465
1244745894706233353
1244749438008070145
1244761370027057152
1244766456052682754
1244768374929993730
1244780219833212929
1244786011374333952
1244791545049595910
1244799154880159751
1244807366207569920
1244830336703508481
1244861364000227328
1244876126910132224
1244892576961921025
1244895369483431937
1244896106099736578
1244897747049816069
1244927443061936129
1244938112029073411
1244939691486523393
1244942563657879553
1244946401215332352
1244957879536357377
1244960461562490883
1244960722234363905
1244965437441478657
1244972536493989888
1244978582478295041
1244980549812465665
1244985836627726336
1244991570631417858
1244991717205585922
1244995472500105216
1245003185225445376
1245018279430762498
1245021408377405441
1245021810414039046
1245033048263012356
1245033074250977281
1245035946996895745
1245044602631065603
1245052008660373505
1245054731032170496
1245059075156717571
1245059303083593728
1245061197101182976
1245081222486917121
1245084354151317504
1245087183750311936
1245089508695199744
1245096543746772993
1245099314831077379
1245111642729467904
1245114921970479111
1245116669875421184
1245124497906245632
1245127604451127296
1245150281681297408
1245155854590058507
1245169671680204801
1245220054305816576
1245220089873477634
1245220116201168901
1245220629386797056
1245221072276008960
1245241527435223040
1245243892838129664
1245246502747996161
1245258214607814658
1245289165052313600
1245297604872810496
1245306566544408576
1245312732481585157
1245325125618106368
1245326534887473152
1245327815005941760
1245334115915894785
1245335375649878016
1245342932879769600
1245350474037018624
1245353650161176578
1245355256734715904
1245365577629290496
1245365812426428416
1245367467398049792
1245375625940123648
1245376779428278274
1245380483409743877
1245383193076862980
1245383399302365185
1245394897487659013
1245395798260662272
1245400960039608322
1245405757278957572
1245407096549584901
1245413253901139971
1245413262415605760
1245416645461528576
1245419945812426754
1245422093925318658
1245439812447993856
1245442595775549440
1245445621118570501
1245451630306373632
1245453400357076994
1245454407870922754
1245457934408200193
1245458696601206788
1245460956857106434
1245465226205593600
1245470259336839169
1245472731728142338
1245478570346139650
1245478833672855554
1245484119406129157
1245486636516900864
1245486834328776705
1245489137161043971
1245493665998548993
1245494426358755328
1245495656443195397
1245498197184778241
1245501611260215296
1245503736392421376
1245509669046681603
1245516894993604608
1245518764617207808
1245521594912509954
1245525995471482880
1245533232998887424
1245541967104221190
1245564392437153793
1245565076490379265
1245565332586201088
1245569423043264514
1245573602197397507
1245576967916630017
1245584519333154816
1245592086860054528
1245599619028897792
1245611158544846849
1245614728090497024
1245622262725627904
1245629810249838592
1245637360923996161
1245644915310125057
1245652450272403456
1245658165472976899
1245664249936072704
1245665093767045120
1245668558966849537
1245675110952026112
1245675111400771584
1245681272560791557
1245683244504420354
1245687463139594241
1245687487634300929
1245690679399002118
1245692867689033728
1245697747883352065
1245709175633727489
1245711739842375680
1245712715496271873
1245721080066605056
1245728711074287622
1245734999036395520
1245736629211365376
1245747492425281541
1245754209183637504
1245754252406001664
1245765476787126272
1245770076504100866
1245770093843419143
1245773267308249089
1245775260831580160
1245781181607469061
1245784827133071368
1245785061334626306
1245792853583966212
1245795396846313477
1245803976769048576
1245806180515172358
1245807861067890689
1245811749250572294
1245817050636918789
1245822845881548806
1245830394055995394
1245835808495390720
1245842960324968448
1245850524429189121
1245858319807311874
1245862855003406336
1245868090300063744
1245925218448621574
1245928033539645440
1245928279032258568
1245928567428354054
1245928618036998145
1245928634965200896
1245928669110919168
1245928821561253889
1245928923247992832
1245930475576684545
1245931809868668928
1245941559364894722
1245946891403063297
1245954452571533312
1245962008253607936
1245969564162306049
1245973320840941568
1245977096918315008
1245977100592562176
1245980870915362816
1245984634820866048
1245992211847806976
1245999753726435329
1246007289846398976
1246014851006238720
1246022395305041921
1246030714774134785
1246033855888449536
1246034419141533701
1246037490928168960
1246037626685206528
1246038153397444609
1246045054634004481
1246049011204792321
1246052962612514817
1246056527183646720
1246060276295839752
1246063873993723909
1246075243451514880
1246076881285201924
1246078291930423296
1246080155522654208
1246082789730070528
1246085475519135744
1246090613533147137
1246092859763294209
1246097888977051649
1246106527246811139
1246113006716620802
1246123459165511680
1246133821294153728
1246133829888286722
1246143196595400704
1246144692430962689
1246146489577017344
1246148629448077312
1246158309503221765
1246161000065372160
1246171880018587648
1246179178225061889
1246182193011085313
1246193015204515842
1246193652575154180
1246199826364203026
1246205350157705216
1246212139183980550
1246212909908328449
1246224995526852611
1246231741246906368
1246231769185161222
1246253967698472960
1246267838941233152
1246278739492814848
1246283273485115392
1246283299728904192
1246284619714048000
1246286641469091841
1246294201031106566
1246301751029960704
1246314321119973377
1246324397310447617
1246335708727558144
1246354591123374080
1246362153780686848
1246373451432067072
1246381735182585862
1246384789323681792
1246392333228281858
1246394289061494785
1246396019459469313
1246407059257556994
1246407118699233280
1246407315777040384
1246414983556104193
1246422524319186944
1246430087668535296
1246437652053794816
1246445202010767360
1246446292563263489
1246452752831647746
1246457483620646913
1246460290612559877
1246467826535333888
1246475392476753920
1246476010645831680
1246482945789120512
1246483132553068546
1246498042599149568
1246505621081468931
1246505918801620993
1246513141107785729
1246525401528176640
1246537771235278855
1246547045286121476
1246556075240960002
1246570369856745489
1246593646176153601
1246599779133644802
1246608255457116160
1246616066433921024
1246626641452978176
1246634428631318528
1246643747397525505
1246667356253937675
1246687006874312706
1246694317818810373
1246713054739472386
1246717957608214530
1246724285084897282
1246734498911436800
1246739379344859136
1246745555516174337
1246754517959483393
1246769608922718208
1246776332912152577
1246787596623196161
1246803297866076160
1246806532785922050
1246813674653855745
1246816387525496833
1246822170040262656
1246826187252551681
1246846874306347009
1246852627654197249
1246860169788764162
1246862683816812545
1246863424002326531
1246866504999735300
1246870726893764609
1246874274415157248
1246877695566381057
1246882314090614791
1246886853074128899
1246895151617884160
1246896975628447744
1246899406898634752
1246900939048603650
1246912029597843462
1246916037464866816
1246920610040684544
1246927853884706817
1246940660445437953
1246950264852164608
1246960574984060928
1246972468440576001
1246980341153308678
1246985735389040645
1246997284866461697
1246997320442482688
1247008897820475392
1247009988507316224
1247014693006344193
1247018288795865091
1247027933950218244
1247059530443350016
1247066715143450627
1247076804394979328
1247090093816414208
1247096809316630534
1247096961066549248
1247097950737743878
1247105553723260928
1247106328297984000
1247109581362343936
1247130256164753409
1247136474061058051
1247141889041739777
1247146880842321925
1247149669324656640
1247153681772003329
1247168039449178112
1247169884351586304
1247174140592783360
1247178701600677896
1247183470545252357
1247189737431015425
1247209389687267330
1247215260957802498
1247221130181726215
1247226801694412800
1247230865056415747
1247234394407960577
1247235666372702209
1247242177442385920
1247243216455434244
1247247731070046209
1247256031769423872
1247259432544763912
1247261310447947782
1247261684491849728
1247262928077758466
1247263031962238978
1247265337403375620
1247268618682974210
1247272902711545856
1247276910729625605
1247277668648747008
1247280787172589570
1247286203638038535
1247287241224978432
1247292270224826369
1247300533817413632
1247308135490093061
1247308296656244736
1247309259303456769
1247315922286792705
1247319103125229568
1247322724122443776
1247326757428105221
1247337882236399616
1247349051122757634
1247349297219358720
1247358995733663746
1247394287660208128
1247413345302589441
1247413559547629568
1247433196377178112
1247436772558200833
1247457239675305984
1247466194585747457
1247471720795119617
1247474206071275522
1247475397941493760
1247479341195419648
1247481368357019648
1247481449017683968
1247488056195678208
1247499931671318528
1247502153012391937
1247509693611868162
1247513552245702657
1247513586358013960
1247517276653400064
1247521267395309568
1247531178627719175
1247531735622942732
1247534215509315585
1247535021511987200
1247539896043982849
1247547412618653703
1247549888872751106
1247554222457073666
1247555010579267584
1247565193237999621
1247569659584557056
1247569938367348736
1247570116902031361
1247573126453645312
1247577664258539520
1247578220540710912
1247580931839471617
1247585203658383364
1247588219006353416
1247592563932102658
1247592761399918592
1247596669216141317
1247600801100582913
1247607843391516676
1247611423150219271
1247617242566664194
1247626531561668608
1247629742628536326
1247637297505460224
1247640221119897603
1247651508457439233
1247652392847527936
1247653472587177989
1247663715903770624
1247666068333658119
1247667481768009728
1247672023180075008
1247674271545151490
1247684978189709313
1247685101430943745
1247697723761004548
1247704287989374977
1247705770038345730
1247714513614508036
1247720144551452672
1247720524446400514
1247726168947769345
1247745623270363138
1247756179926740994
1247763155834425344
1247782550858108933
1247782608726974466
1247794513508052992
1247804198437052425
1247827899505430528
1247833258886336513
1247849681490776064
1247859374636371968
1247864068637167620
1247864145476759553
1247864525547802624
1247872087764721665
1247879635150528512
1247882039883370497
1247895875495452675
1247902287013396485
1247906926060601344
1247912359018008577
1247912565746925568
1247912833020461056
1247914707639570432
1247915657007706113
1247919726174633985
1247919777869377542
1247919890054426624
1247921709778337792
1247923012000768000
1247931718662791168
1247935451123638272
1247935477031882753
1247945601033162752
1247945687800692737
1247955401569689600
1247957173646360579
1247957208425512961
1247967137865576450
1247970234499284996
1247987301772341251
1247994914081734659
1247998161907363840
1248008883387240448
1248010023180963841
1248010093242679298
1248017168861515776
1248017221369991169
1248023189957066752
1248028619097755650
1248030404831035393
1248038121939308546
1248047571739836416
1248054365715345409
1248063357103607809
1248065485415034880
1248067622412922884
1248069894052229121
1248077954153877505
1248087254318399488
1248100640158633984
1248109901370601475
1248121234740727809
1248132555154558976
1248143895302725632
1248151430575390722
1248155210922500096
1248155628662665218
1248156711229235204
1248166535253889024
1248169798443417600
1248171966919557121
1248181633158701063
1248189175276408833
1248195051890659328
1248204296585392131
1248211832252387328
1248215360945479680
1248219394779594761
1248226947047534598
1248227417895862272
1248230172706377728
1248233381944537088
1248244964590383104
1248255845332398080
1248260579371991046
1248270502591954956
1248273230353387520
1248275750446391296
1248279009865207808
1248281437637312512
1248281498177933315
1248281550292160512
1248281610623029249
1248282546292604929
1248286665996668928
1248287097045295104
1248294117844672514
1248295068106178560
1248297978818973697
1248300913057554434
1248302437401866240
1248305691770720259
1248310244431839233
1248313784122384385
1248314028071493632
1248314268807766016
1248314367269011456
1248314593593700355
1248314723600302085
1248314950113730560
1248315092153896961
1248315324165959681
1248315428457373696
1248315637312753665
1248315950090387457
1248316107242516480
1248316872409395200
1248316985622085638
1248317142023495681
1248317234583396353
1248317414745440256
1248317780212023296
1248318773276356617
1248322996416253959
1248323040158638081
1248327341241139201
1248333763358142466
1248339412414586881
1248346456584589318
1248349790049636355
1248358225558282241
1248377193861771264
1248384960739696640
1248393518344572928
1248396040656392193
1248407628360777730
1248414914504298497
1248421850192859138
1248422707072385024
1248426735969816581
1248429761736503298
1248434276346892293
1248451274887942144
1248451579658866688
1248453415543304198
1248464740260536322
1248476075799113728
1248487405419499520
1248489311705526274
1248498712478748674
1248501791504785408
1248509702360707073
1248521364308451329
1248522730447699968
1248525322846441472
1248528446990495744
1248528909425090560
1248536455678504965
1248544015252967424
1248551162208489472
1248557355626889218
1248557689237536768
1248557726961143808
1248566667841548293
1248575214801354752
1248585824754700288
1248589305087438848
1248592565240299520
1248593834654814209
1248596871800553474
1248602915180367874
1248603649011580928
1248604406423130112
1248608041928241152
1248610460288430080
1248610933254938625
1248619476926394373
1248619534061195269
1248627092146638852
1248628266921070592
1248634612999487489
1248639229569220609
1248647953524428800
1248648518375538690
1248649969956986880
1248653207418613760
1248653777953075202
1248653829597429767
1248657260114477056
1248659790231986181
1248663293432037377
1248667097053515776
1248667846047076352
1248670097494900741
1248674639951298562
1248677352915251210
1248678398878265344
1248682437334401024
1248683935405662210
1248692235169861636
1248697780828241921
1248701040800796672
1248705182915010561
1248707535386939400
1248709342867656710
1248716527148380162
1248720681908527105
1248723947958538241
1248728481745244172
1248729482946543616
1248733519272173580
1248737204584792065
1248741416328667137
1248752895320825860
1248754903062917124
1248761523050291201
1248761960977453061
1248764462087262208
1248772105753309184
1248784354823868417
1248789880894820353
1248801093326430208
1248846639449726977
1248870704939966466
1248875546257379334
1248880322566995969
1248892790429429760
1248947403870404608
1248955035708424192
1248956717389529088
1248965540976222209
1248967951274909698
1248973363831332864
1248975230141333504
1248975494516785153
1248975502947373062
1248985423671709702
1248989448852963334
1248997010210009088
1248999833874153473
1249004566798053378
1249007008264663042
1249013680198561792
1249013707830673408
1249016794586714115
1249019655961939968
1249024630624587777
1249027200940212225
1249027389977505793
1249032486857969667
1249033763973201921
1249037332495372290
1249040804737437696
1249044048075259906
1249051986269483010
1249057884283035650
1249063351507959826
1249072688733315076
1249077268602859520
1249088402596728835
1249094331895549952
1249104059912650752
1249110492011827202
1249122835668312064
1249130120960520193
1249141270859177986
1249153283056373760
1249163692316508161
1249166356924248072
1249218125763133440
1249234095844069376
1249261671710961664
1249262835525451778
1249293415684210688
1249300076062793728
1249313660981346307
1249318422149771267
1249323873675460608
1249325162861912064
1249330255912939521
1249339480902905856
1249350867142217735
1249354519236022272
1249363475148791808
1249364412558979074
1249370215667957763
1249373983839043584
1249380530371670016
1249383986402648065
1249400828366127105
1249404695627661312
1249409049071964161
1249410995749031936
1249416002351312897
1249423458322337793
1249438410823122949
1249449171255529472
1249452007292907528
1249462666999074816
1249469293143654402
1249473738141241349
1249484917081354245
1249491833840959494
1249497945604534284
1249501859745861639
1249507498542927872
1249567563127939072
1249596835733344259
1249597047361146881
1249604982002921477
1249622887868268545
1249647044391849986
1249650807760355330
1249654334394155009
1249657079289217025
1249661387904815104
1249664341932195846
1249666571020251136
1249667937847463941
1249671186813984768
1249675477482180608
1249694995562594305
1249702428481634304
1249709916232847362
1249711711562629122
1249717762588639232
1249724050529714177
1249726724365078534
1249729224535146497
1249734853181853697
1249741153043390465
1249742660304277505
1249746687448449024
1249752483926282242
1249757509453328386
1249762306197684225
1249763206962262017
1249767303207673856
1249770599972569088
1249792777795375104
1249796763344687104
1249804596467335170
1249807626935980032
1249808200133730306
1249812141982523392
1249817223641870341
1249819685769613312
1249821874592374787
1249822604963254274
1249826713015595012
1249830192505331713
1249834784379076608
1249842071990566914
1249853306584907779
1249860814288420865
1249867099499044864
1249874910400446464
1249884154499600384
1249889504447680513
1249933249440288769
1249936708113559554
1249942346176827392
1249944375578198017
1249952509629730816
1249954415638990849
1249973767381618689
1249980381132214273
1250000390193643520
1250008436223475721
1250010232123768834
1250010402492223488
1250027281168453634
1250029496469725184
1250036938750525441
1250039581673762818
1250041158325227520
1250042129256255488
1250048687574781956
1250057502055636992
1250063894317588482
1250067524894502912
1250071132553781248
1250072349262647298
1250080477442121733
1250085213432156167
1250088705437716482
1250088739793231872
1250094523671347200
1250095233632808961
1250098244648144896
1250106840597377024
1250107725746450436
1250107760370421766
1250108295966269440
1250115185081225216
1250119639411105793
1250120980661440515
1250121093114990602
1250121188338262017
1250126301580660737
1250126587615490048
1250126890813345794
1250127627794501635
1250127992090746880
1250131733162397696
1250137261754155010
1250141801786245128
1250162874447790083
1250165046715482115
1250168604441616385
1250177286416015364
1250177843360927746
1250181818663546880
1250187343434260480
1250190709975658498
1250196400962514957
1250201920578486274
1250202140536160258
1250202351060881408
1250202706612027393
1250206981102673920
1250207474831052802
1250219825173012481
1250227778135482373
1250238691542536192
1250243543542771716
1250250003416834048
1250257572340404224
1250296442343710722
1250302720101076993
1250314108294926336
1250317622681321480
1250319408519458818
1250324879879987201
1250352328667852805
1250363514885201925
1250370092052942848
1250378615109365767
1250387021132173312
1250389682854268928
1250401259506589700
1250403758804283392
1250404779865657344
1250414160984313862
1250416352852090880
1250423899386335235
1250427448228843521
1250427842111787008
1250427867961257984
1250427910806073344
1250427979647217674
1250431256023535616
1250431464824377344
1250439032317739013
1250447594251321344
1250457545564708868
1250457606122016773
1250459371752108033
1250478268106620928
1250484307266854914
1250490884468113410
1250494090392809473
1250495109801611264
1250506967874965505
1250518870294749185
1250521792684462082
1250524819742961664
1250529620715282437
1250536427923931136
1250538991654502405
1250544198811619335
1250545256216571906
1250551509655474177
1250559795297497091
1250563019685482497
1250566347018440704
1250574686527852545
1250578664372285441
1250582209616064512
1250588601806700544
1250598301310816258
1250604911924072448
1250612659810193409
1250620213328072710
1250631528629051392
1250642856382996485
1250654158346244096
1250661709813071872
1250673041689976838
1250676007448739840
1250688138739056641
1250698297527992322
1250710785522794496
1250713660760166400
1250718347601338368
1250721500157673473
1250725903467974662
1250733451176579073
1250740994208907264
1250745042777579520
1250745076826939392
1250745128093978624
1250748541116579842
1250756085054681093
1250764315075977216
1250765659614720002
1250771554155331584
1250786286962642944
1250789630976327680
1250793846067298304
1250800316926345219
1250809769746673665
1250809838759751680
1250829346606120961
1250831598989295616
1250840950869557256
1250841002950176773
1250844922602807302
1250854947698216960
1250854991067299840
1250855130792157190
1250857991458508801
1250860643651145732
1250865414806147072
1250869895170076673
1250878888869314560
1250882050497929222
1250888557155278849
1250895245702844417
1250900809589633025
1250904055175675909
1250912923784032256
1250914153415544838
1250916653141024768
1250920412407570434
1250920930152534016
1250928465722793985
1250937963476893697
1250943830137999361
1250963510697361409
1250969429858492416
1250982599549431808
1250988862530347009
1251005234203234305
1251008795972698113
1251009067629371392
1251009118418198529
1251009152442302464
1251012791286325248
1251018694618161157
1251020961207517184
1251027877006639105
1251035434190323712
1251039193264009219
1251042731000049664
1251050533747597314
1251058079082459136
1251059881903300610
1251065636366815233
1251073194443837440
1251087598543613952
1251088293548249088
1251091817967374336
1251093279850053632
1251095834973868033
1251103137580146690
1251110934107623425
1251114452512055296
1251118476300677122
1251118477575929856
1251127489252003841
1251131799851458562
1251149585197576193
1251151158241980419
1251156475898032137
1251159739997712385
1251159930578460676
1251163796506378240
1251169109129265152
1251170077321420801
1251180351822626818
1251186786883317760
1251199080669294605
1251199106640482310
1251209098793832449
1251212730197053440
1251212738904326147
1251212764972044289
1251212799721771013
1251212808219439104
1251212955615715335
1251216197321986050
1251216441661108226
1251220398273966082
1251223861733011456
1251233414646304773
1251241524064587777
1251247212341989378
1251254447621246978
1251256479820152832
1251264852145901568
1251267660689690626
1251272529693626368
1251275765162835968
1251282973053325319
1251293417751089155
1251297902527463426
1251299683579944960
1251311505670393858
1251326593030664192
1251337663300407296
1251339935891755010
1251346526074437632
1251360089216335873
1251367626154086404
1251394030853853184
1251405373174661121
1251416703248056322
1251424232082493442
1251425501899558912
1251428019106873345
1251433917380464641
1251435587317489669
1251446905890095106
1251454434066018304
1251465775996690444
1251473340818165760
1251480859766636544
1251488423908696076
1251498102491623424
1251511068146511874
1251518623392436226
1251526162662264833
1251529122674872328
1251530635421929473
1251540698454806528
1251541285661478913
1251548835236765698
1251548836285214720
1251552333596590087
1251563918591393801
1251570316620509185
1251579003028361217
1251586559314481153
1251594363207122946
1251597497660837891
1251616460050444299
1251625843102756865
1251631854568067072
1251639435067904000
1251651722944172037
1251674955793776641
1251688757419487232
1251700062339633152
1251705142992408584
1251705266590101509
1251707364656451591
1251718674752438272
1251729998404374529
1251737550173151232
1251748885846020101
1251760202111729664
1251771532306722817
1251782855828615168
1251795916937445378
1251805503010848769
1251808174258167808
1251816835907031041
1251821132040343553
1251828152436953089
1251839501619671041
1251859869918953473
1251864886260510720
1251872044062515208
1251872941014384646
1251877177617981444
1251880488836444162
1251883257207107586
1251891733316714496
1251894345499803649
1251895601639436299
1251899374235516928
1251901133662162950
1251905702827868161
1251905909531586560
1251908442610192384
1251913963891306500
1251918244677586944
1251922288527773696
1251928062394085377
1251929831794708481
1251933101602807810
1251933101628035075
1251936439736074244
1251936456995672064
1251940719184564230
1251947680957370374
1251956514782314496
1251961782224277505
1251971586426634240
1251972212078391297
1251976998072709120
1251985890274148352
1251990969316245504
1252007213666836480
1252017651947393026
1252020111243915267
1252029727415599108
1252042122921984000
1252059470986952711
1252077049902219264
1252097828920442881
1252104520211070976
1252111019146706946
1252112815445422081
1252129266893979648
1252130507875389445
1252139568159166464
1252139738217185280
1252160336976908288
1252175443349975040
1252181883707961344
1252181986610941952
1252182999745146882
1252195747547746312
1252215255159234560
1252216463215247361
1252220247857344513
1252228530261438464
1252239268963061761
1252264737070555140
1252271671211245571
1252282766399549442
1252284159004991489
1252287927104802816
1252302023074160641
1252310568750526469
1252314359193370627
1252317388613259270
1252324931607629824
1252325918074458112
1252327570235961344
1252332730689388544
1252333487098597376
1252333997780336640
1252341316358295560
1252341421605965824
1252349094363717633
1252357158999429126
1252364702719438850
1252368963951947778
1252371530060664832
1252378030539894784
1252386622420553730
1252393370132967424
1252401695092436992
1252405718583394305
1252409490294464512
1252412746550767616
1252423015586914304
1252430599911923719
1252452159557447680
1252453562367586305
1252455998155108352
1252488357562798082
1252502506216833024
1252502551628517376
1252506116963151873
1252516417724915713
1252524917381365760
1252524945009147904
1252531334054109194
1252538722459045888
1252541367613558784
1252542921934606336
1252545389821034501
1252555314160943104
1252560482059390981
1252564444946796544
1252568028736339968
1252577650968797186
1252580642392604674
1252584562762416132
1252594211477688320
1252597442698043392
1252598606244306945
1252606430135410688
1252606456169467905
1252606464759390215
1252606473412186116
1252615663820161026
1252618999122231299
1252619192311992320
1252620361524527106
1252620870343970816
1252623401749041157
1252624411431141378
1252633229380800512
1252633325287735296
1252636002230980610
1252649917950185472
1252649935343935489
1252651342197334016
1252654876015935490
1252660165284966410
1252664413355737088
1252681772820770822
1252683784358711299
1252691587865460736
1252692251953762305
1252697133817479171
1252699391187718144
1252702928214929409
1252708353895280640
1252708713342939138
1252711974670082049
1252719540821266434
1252719937686253569
1252725822395502595
1252726402199289861
1252731121013571584
1252732871338594304
1252736012184432640
1252737912002809858
1252740926214221825
1252745452614795264
1252756274674044928
1252756275185823749
1252764084497461248
1252770368063971328
1252776840017690624
1252777509051129857
1252778160380358656
1252778503969406976
1252786513101950977
1252786603757617158
1252799668234399744
1252802937073684480
1252803381929938946
1252804626581270528
1252822745034838016
1252829336152838144
1252831132439031809
1252840324054970380
1252846327135797248
1252853474322026498
1252858757568098304
1252859019108052992
1252875985743052800
1252889275512782849
1252904148149903360
1252907781050466305
1252911290038747137
1252916044051742720
1252922871220965376
1252931033399472130
1252938854845362177
1252938906363924480
1252945638951714816
1252950095001260032
1252950129344159745
1252957265285599232
1252958191329128449
1252963583471824897
1252963904273240064
