1234985106294501376
1234992586764341248
1234994465208619010
1234998707373801472
1235000253339668480
1235007802977984517
1235014287938277376
1235022816329658368
1235030350889234432
1235038002142797824
1235049277560250371
1235053061745197056
1235060524288630784
1235064426161524737
1235068201089683456
1235075094176727042
1235079525412691970
1235083346423820290
1235090805733249024
1235094497060478977
1235098336207626240
1235102174851432449
1235105949465169920
1235113499686100992
1235121049403944960
1235128844568399879
1235136029235044353
1235139923272966144
1235143582736175104
1235147418183888897
1235151248183173120
1235155023434264578
1235158758382358536
1235162482135756800
1235166347761512448
1235173862616248320
1235173862624694273
1235181379207548930
1235188996940148738
1235192055326019585
1235194558901870593
1235196418190700544
1235204071088369669
1235207800323813377
1235211598853214209
1235215364981772288
1235219172797435905
1235222890930413568
1235226954883792905
1235227940394340352
1235230403386109954
1235234209968648199
1235238027632484352
1235241716355076104
1235245531863093248
1235249375967838211
1235253216842887168
1235255100475609089
1235260612864860161
1235264083546583042
1235264494412206080
1235268160649125888
1235272099209629702
1235275776049766403
1235279471818792960
1235284344035565572
1235287013714284545
1235290884276719623
1235292767762468873
1235296070164455427
1235298360803946496
1235302211061780482
1235306830135463942
1235307758326550528
1235310129207222274
1235319003998048256
1235324813742428160
1235325818903171078
1235328573906579456
1235331116287922176
1235332369479094275
1235334166222430211
1235335382784446464
1235339862879989763
1235341755689635840
1235347430058663936
1235351697532375040
1235355063666774080
1235356813102587911
1235362558917435392
1235370175148552196
1235377618691768321
1235385222717468673
1235392750553571329
1235400299776323584
1235404051010981888
1235407852698775553
1235415469139595264
1235422942349099009
1235430543581470720
1235438138304184323
1235441913358147585
1235445636172075008
1235453212196343810
1235460680708263936
1235468310998921217
1235468552259452928
1235475766919311360
1235483437084979200
1235490957270945792
1235498417708609537
1235505964398280704
1235509828426043394
1235513652100259840
1235521149695668224
1235524960644411393
1235528735627055104
1235539782014570496
1235540859682250754
1235541775294648320
1235541784404602880
1235541788720377856
1235541792608497664
1235541800804208642
1235541804650582016
1235541807288680450
1235543036983197698
1235543039642386434
1235543046156058639
1235543049196969985
1235543056134352896
1235543062799159296
1235544356863569922
1235544366061703175
1235544372294414345
1235544384910876673
1235544388182224897
1235545469209763840
1235545480165113856
1235545486162923520
1235545489992540163
1235545496447565824
1235545500041936898
1235545504227917825
1235546504242376706
1235546513528496128
1235546519685734400
1235546522571374593
1235546528732909568
1235546531983511553
1235547932826521600
1235547936173379584
1235547947191984129
1235547962509574145
1235547965307195392
1235549151338926080
1235549153914208257
1235549156955099137
1235549170372657158
1235549177247039488
1235549182859059200
1235550347147558913
1235550350209208322
1235550357297737728
1235550360305111040
1235550363131899906
1235550375513554944
1235551845097115650
1235552432295481349
1235552448305156099
1235552451115261953
1235552467376627712
1235553803920986116
1235553807469338626
1235553810656854021
1235553818458415105
1235553872074223616
1235553878461911046
1235553881523974144
1235556881449578496
1235558137958215680
1235559496795201536
1235560109419515907
1235560696399769601
1235561939180216323
1235563287732981760
1235564410141200385
1235568120896655360
1235570176822620162
1235570649382506502
1235573994746777602
1235577054164406273
1235584541407899648
1235588859519471617
1235589090386628608
1235590827034005507
1235592098583281665
1235596666184622080
1235598994312740864
1235599589530427392
1235604173271547904
1235605406384193538
1235605491331534848
1235607151646773250
1235611723668713472
1235614687263248384
1235619222094561281
1235622233776754688
1235622304714862592
1235626761104355328
1235629779279175680
1235634381697449984
1235637377793757184
1235641897521000448
1235645678719664129
1235649403605708800
1235653232464142336
1235656833475506184
1235656973099515905
1235658313133469696
1235661185149816833
1235662734601187342
1235664504886824960
1235667529541881861
1235668405744791564
1235672180869885953
1235678827314999296
1235679560584146949
1235683414692507650
1235687221442813953
1235687943869734921
1235690948224483328
1235694789150064640
1235701564657922048
1235702370996285441
1235705283650830337
1235709929383739392
1235717397497200640
1235724899324440587
1235730463010025472
1235732562452123649
1235740103571619841
1235747587375980549
1235755161194291202
1235758877267890176
1235762779874869248
1235766469381799938
1235770199216975873
1235777768421494785
1235781522642345987
1235785427019235329
1235792891508858885
1235796874256236545
1235800459950133248
1235808036981059584
1235811722096570368
1235815514431086594
1235823176346566656
1235830692358963202
1235838155489591297
1235845773012549633
1235853285854023681
1235860925082513418
1235868430391115778
1235875899423084546
1235879798934851584
1235883536172945408
1235891068379545601
1235894874492280832
1235898673290149888
1235906223079292929
1235909997810376704
1235913744741527552
1235921322997420032
1235928795011592192
1235932588277207040
1235936422458265600
1235940196509720577
1235940465356296192
1235941881273606144
1235943945173184515
1235947735989334017
1235949945720573952
1235951400749842432
1235952439184027650
1235955220515098624
1235959389066014722
1235962812633137153
1235966620830511106
1235970302875766784
1235974131570573314
1235977876266266624
1235981611834978305
1235985423341621252
1235989256646074369
1235992964704489472
1235996794531835906
1236000554372993024
1236004339237482496
1236008043525091329
1236011885406965760
1236013046415478790
1236013991094366211
1236015643385831424
1236019382771466240
1236019868731871235
1236023117929209856
1236024892035915776
1236026966391824388
1236030793681637378
1236034457519431682
1236035534805446657
1236042047188070405
1236043756136280065
1236048026759647234
1236049565708582912
1236053394365825025
1236053794976301057
1236056791122874369
1236057194732363776
1236064743879737344
1236066362759446529
1236074552842694656
1236077487207190528
1236079817050722304
1236087291040460800
1236087916172062720
1236094966482505731
1236102482385870848
1236110008724664320
1236117511600590848
1236125165559459840
1236132700899155968
1236140163899760640
1236147726678724608
1236155235766284288
1236163500399046656
1236170390105358336
1236178013802414080
1236185535602966528
1236193084821647360
1236200662939074560
1236208212799639553
1236215654128275457
1236223187085639682
1236230862032834560
1236238411859623936
1236245894644850688
1236253581289893888
1236261060954542081
1236268610789814272
1236276041569665024
1236283712557416458
1236291230323130369
1236298732238508032
1236306359618080768
1236308121112522753
1236311895881244675
1236313875408191488
1236315671119777794
1236318058899214338
1236319369652731914
1236321376807587840
1236328917105020928
1236329424192262144
1236334446518943744
1236336536532201473
1236339539066699776
1236344000975712256
1236345714684370944
1236351586034692096
1236354599776333825
1236359167214006275
1236359664721223680
1236366757444694017
1236372319192449024
1236374307124756486
1236377205892173825
1236381857056460800
1236382301145182214
1236389296871026689
1236396848291762177
1236401144454426624
1236404414442885121
1236411958917836801
1236419544966717440
1236427155418071040
1236434705169428481
1236442257013837825
1236449701626613760
1236457232709160961
1236464795236302848
1236472365716037633
1236480003975634944
1236487518696210432
1236494980266500096
1236502583793061888
1236510273911107584
1236511964303634432
1236517752350937090
1236525302400024578
1236532834325725184
1236540403551219712
1236547924605239296
1236555501367894017
1236563051081543681
1236570487414718464
1236578122276970496
1236585587106340864
1236593121259126784
1236600799645532160
1236608327880265728
1236615840059076608
1236623449159806977
1236630963003801600
1236638548385824768
1236646098258796548
1236646582747086848
1236649118140977154
1236653608797720576
1236659072805548038
1236661585491431425
1236668747349458947
1236672996506509313
1236676297247666177
1236683731789852672
1236691396742057990
1236693127160889344
1236698830567079937
1236699449516273664
1236706495930208259
1236714045899759617
1236715678926848004
1236721557587800066
1236726599241928714
1236729145322876929
1236736599746129922
1236740848030752768
1236744199074086913
1236751759403515904
1236759344345202688
1236765114822516736
1236766853705449472
1236774390911696896
1236782057763856385
1236789482201939970
1236796997744672769
1236804607592083456
1236812094407835650
1236819742385676291
1236827185564069889
1236834806262042626
1236842359087923200
1236849887423193089
1236857402256953345
1236861265970171906
1236864931628290079
1236872542171926528
1236880018757890048
1236883878947717120
1236887673048043520
1236898936889257984
1236902661405974528
1236910339226288130
1236917889183166464
1236921663742246912
1236925406617403393
1236932950270382085
1236951843550396418
1236953538535849984
1236955637680136193
1236959301895405568
1236963158872461314
1236970681520308224
1236978162510299143
1236983413204279297
1236985754460487683
1236989989189234688
1236993352660221953
1237000833268699137
1237004729672237056
1237006011438858241
1237011508082675712
1237016096479346688
1237019810535530500
1237025193622736899
1237026084069269507
1237031117590593536
1237038650816442368
1237042446158225409
1237045400521052160
1237046574531915776
1237049888162091009
1237051929513033728
1237057258959273984
1237061310103379969
1237065026952925184
1237066734730915843
1237068813566464000
1237072713065340929
1237076320246476800
1237080142310248450
1237083949769330694
1237083983546064898
1237087737171390464
1237091533276545025
1237095220656906240
1237099042494197760
1237101152468111361
1237102766117588994
1237106632754180097
1237110315936088065
1237114144635203587
1237117939435868161
1237121220711243782
1237124324210991104
1237125032775737347
1237128857561362432
1237129161271115781
1237129669633335299
1237136785622405120
1237142276058615810
1237144317896130560
1237151806775533570
1237159457668452352
1237162457635979265
1237167030924705809
1237174580659261440
1237182160794193920
1237189582736764931
1237197129359261697
1237204666850648065
1237212235048632320
1237219878907625472
1237227428730339328
1237234907992264705
1237242528270880769
1237250026075799556
1237257602293170178
1237265177592160256
1237268952247648262
1237272696184025090
1237276413713096704
1237280205485506560
1237287747674570753
1237295323124576256
1237302880555667456
1237306580334510080
1237310419468980226
1237317959984525313
1237321800431939586
1237325526357942272
1237333025677094912
1237336833719238656
1237340547796422656
1237348102241165312
1237350603162091520
1237355719927705601
1237361211173462019
1237363283167977472
1237366982317674497
1237374561907281921
1237378391478865922
1237382185604337666
1237385866315575296
1237389685627990016
1237393431690792963
1237397246649532417
1237401072811024385
1237404741740695552
1237408613850918914
1237412293417279492
1237417443833847808
1237420241786978311
1237423677853106176
1237427398041362438
1237427904079937537
1237431151859503104
1237434987630264320
1237438707977924608
1237440744635469827
1237442469949845507
1237446309843480578
1237450052387442690
1237453854490398721
1237461431462899712
1237468923618045952
1237472833678249985
1237475849739403264
1237476477119201282
1237480224327155716
1237483996960952320
1237488319178649600
1237491621039689740
1237492100930797568
1237492102759620609
1237499094047830020
1237500928015708160
1237506641366482944
1237514212621955072
1237521782401204224
1237529386468831232
1237529893933441025
1237536839973527553
1237544423610658817
1237552067868160001
1237559542839275520
1237567090493550592
1237570818864902144
1237574717273296898
1237582245470208001
1237589687960612865
1237593492018188291
1237597366523318274
1237601149517066240
1237604879817830400
1237612466021883906
1237619968272928769
1237627565361246208
1237635012515844096
1237642573524733952
1237646439678980096
1237650214913277952
1237657750760538112
1237661539378827265
1237665314051104768
1237672820768989192
1237680413629390848
1237687900772470789
1237695513283133440
1237702957677887488
1237710584860344322
1237718048565592065
1237725681955622912
1237729636425117698
1237733239218999296
1237738828087123969
1237740872801886208
1237748250662313984
1237752112769007616
1237752478646534144
1237755825537593345
1237759593582931971
1237760284347039744
1237763336412049410
1237767731946143745
1237768949967851520
1237772774631968768
1237774736458944516
1237778443141615617
1237784750884093959
1237787450019381249
1237787451088928768
1237789830576246784
1237793599938494465
1237797434467717123
1237799357216325633
1237801081247326209
1237804353865633792
1237808698644455424
1237812787633627136
1237816258684497920
1237817141237342208
1237819955976056836
1237825362215800834
1237827600623513601
1237831392882577409
1237835414263693312
1237835416428056576
1237839336906928128
1237846464308510722
1237849025144950785
1237853976713814024
1237857755832012801
1237858009130254342
1237861520341495809
1237869045380083712
1237872934439378945
1237876609740189704
1237879638711386112
1237884172334743552
1237891721842683905
1237894826340704258
1237899262429560838
1237906886701338625
1237914632674828288
1237921903693770753
1237922237010849798
1237927719033286661
1237932125179052033
1237936985706299394
1237940816594771969
1237944540088147970
1237952094944071681
1237955979154784259
1237959724479451136
1237967434231025664
1237974725336485888
1237982403408338944
1237986178139373568
1237989927670951936
1237997373818839040
1238005030374051840
1238012586542727169
1238020152463183874
1238027590738292736
1238035217975259138
1238042672130129920
1238050325157814277
1238057901035528195
1238065324563542016
1238069225534771200
1238072908045574145
1238080495927296000
1238088099932012548
1238091821785513985
1238095548651012102
1238099401064820737
1238101868435443713
1238103194921730050
1238106952607109121
1238110676058603531
1238113260274139136
1238114419214860293
1238115278866788354
1238117023906967553
1238118177210609664
1238122015120334854
1238125848496136192
1238129591488839680
1238133398134194176
1238136725974777857
1238139329207316480
1238144620518932483
1238148471472996352
1238152188452577282
1238155991532929024
1238157688917327874
1238163492127019009
1238165603137044481
1238166929011027968
1238167341835354115
1238171094282010626
1238174921894834176
1238178609732489218
1238179095546138624
1238186188407738368
1238189893395808257
1238190203652780034
1238193681615724551
1238203586120728600
1238204236720152576
1238208773925285888
1238209366261747712
1238210407933894662
1238212580922912768
1238213052857831429
1238216361538617346
1238218172400046080
1238220211238641664
1238223872438292480
1238226890810417152
1238231416133033984
1238233177942081536
1238235746189873153
1238236641455755264
1238239060789014528
1238246560338673665
1238249664501161986
1238254091270336513
1238255949632221185
1238261744168054785
1238262175489232896
1238268230118133760
1238269293705531392
1238276719800393729
1238280618309492737
1238284269413437440
1238291857278410758
1238299448465412096
1238306957448171523
1238310765569937408
1238314515281989632
1238322101498544128
1238325890226032640
1238329657348354050
1238337226674704386
1238344706846851072
1238352340861816832
1238363622704898049
1238367406403313665
1238374949280235522
1238382499069333507
1238390089786503170
1238393864441999361
1238397596923842560
1238405159320944640
1238412687110963200
1238416501859856384
1238420288695656453
1238423308825067520
1238427828888244224
1238429571701145600
1238431513013821441
1238435263371771904
1238441383217827841
1238442811852304386
1238446607194034176
1238450435951910912
1238454264789426178
1238457920653799426
1238460033198960640
1238461812301062144
1238464085701857280
1238465649325887488
1238469296675786753
1238471706861281286
1238473013592539137
1238476784393498626
1238480627831365634
1238484409348743170
1238488120565399552
1238489643919847424
1238491922362179586
1238492603282309122
1238493489161056256
1238495761995837441
1238499470687567873
1238503207665643520
1238503321197056000
1238507060851073028
1238510854078857217
1238514187002941440
1238522171015692291
1238525909096939522
1238528888520744961
1238529697568391171
1238535710748991488
1238537278408056833
1238538428628656128
1238540957911564289
1238548514789101569
1238552330867544072
1238553801566703616
1238555844922531840
1238563619262074881
1238571159676911617
1238574259737366529
1238575003349762048
1238581167252819968
1238584210069303297
1238586267476033544
1238589852951683075
1238593858369458177
1238601433823481859
1238604012267716609
1238609032384073736
1238610040938024971
1238615261009371137
1238616458529247233
1238624021966659584
1238628724112863232
1238631572854759424
1238637882346258432
1238639220517941249
1238654204992008192
1238661751060692992
1238669353199063041
1238676980217925632
1238684529864454144
1238692079708110849
1238699598597828609
1238707178988605440
1238714679272275968
1238722278533337089
1238729702589829120
1238737378111619072
1238744798359703553
1238752477593419776
1238760027235778561
1238767450562473984
1238775126881173504
1238782676678688768
1238790226438426624
1238797776198283264
1238805294760759296
1238812875587715073
1238820299929538561
1238822138469134336
1238824651549216769
1238827935181701121
1238828353697832961
1238830933551259649
1238835576679399426
1238837811597512705
1238838498477604865
1238841032768356352
1238842950781677573
1238850582573731840
1238858174142308353
1238858651974209536
1238865689873711104
1238873152974999552
1238877955914432513
1238880806761873413
1238884550832504832
1238888297163894791
1238888829693710336
1238895925290061825
1238903440799121408
1238910934497796097
1238910934527217665
1238912717081268224
1238918564326920198
1238920251808591873
1238921469159186432
1238926011552628737
1238936777588645888
1238941117393113090
1238948749403095040
1238956221513826305
1238963749685518342
1238971350955556864
1238978851482611712
1238986487938637830
1238994041666187264
1239001491182157824
1239003118110683138
1239009045572452352
1239016654950064128
1239024200326750209
1239031707531194369
1239033544468574211
1239039368154746882
1239046917570678784
1239054467334582273
1239069566942281730
1239077116525846528
1239084633163096064
1239092216095744000
1239099514302214145
1239107315778891776
1239114783288365056
1239122415206248449
1239129964869541888
1239137493682970625
1239145036358594562
1239152486897922050
1239160142375026688
1239167694139686912
1239175246407766016
1239180776920547329
1239182723765489667
1239183187286335494
1239185742817038337
1239188299253768192
1239190236174979073
1239190832848257025
1239194641267908608
1239197799209676801
1239205427537215491
1239209623401480192
1239212937371320320
1239220562012123137
1239228072047587328
1239229760028409857
1239243110502326273
1239243110586241026
1239247466328928256
1239250734882881538
1239251165063282688
1239258216372097024
1239258708435185668
1239267622014894087
1239273372724465664
1239273372850192384
1239280856180670465
1239288494335430659
1239293940634980354
1239296033135435778
1239301778648301574
1239303519435440131
1239306855060516865
1239310369295908867
1239311662093611014
1239318665532780553
1239326230295560195
1239327971007225857
1239329254120316928
1239333782836121602
1239341305601425415
1239344675166748674
1239348879759486978
1239356340390199300
1239363941324775429
1239371462022234112
1239379055075643397
1239381623038267401
1239384643151040512
1239386741464850432
1239390431336677376
1239394205950267392
1239401703176364033
1239409258917216256
1239413080498601986
1239416838884294656
1239420589825314816
1239424282041757697
1239431892832829440
1239435811373953025
1239439460875612161
1239447046710530049
1239454591701442560
1239458344378695680
1239462028047237122
1239465859829161984
1239469703623512065
1239477146160115713
1239484724902531074
1239492235265290240
1239499882748092416
1239507452456054785
1239511125806497792
1239522214321545216
1239522462066450432
1239524708019777536
1239529972366278657
1239537523325534212
1239541331736887299
1239545154861707269
1239548910139584512
1239550916736491520
1239554469093945349
1239556525867307009
1239560710297976833
1239564075509542913
1239567850106388480
1239571564661792770
1239572144490676224
1239575333843714055
1239579123087015938
1239586624847187970
1239590568759623681
1239594190574702598
1239597994577743872
1239599088171089920
1239601769283571712
1239604936490602497
1239605403434070018
1239605485810126849
1239614129914216450
1239619573231562754
1239620626962427905
1239622539548246018
1239624346169196550
1239628204735967235
1239631692383453184
1239631933174362112
1239635798003195911
1239639572918816769
1239646833602936833
1239647908749889538
1239649294371749888
1239651431596150794
1239658394669236224
1239660860882276354
1239665887977918467
1239666459162312706
1239668973664436224
1239673445551661058
1239674002643312644
1239681068330102784
1239682767509692424
1239688474707595274
1239688603082592261
1239696072194260993
1239696657773662208
1239700431883943937
1239703646474043393
1239708000488689665
1239711171999076353
1239718721607868416
1239726337591595008
1239733944750428160
1239741591239131137
1239752742253531137
1239756559812624387
1239760334082183168
1239764143839891456
1239767791642669062
1239771586875588609
1239779243195805696
1239786704678109184
1239794608235843585
1239798083904589824
1239801892617797632
1239809429412945920
1239813216928256000
1239816991910830082
1239824509751959552
1239832330665103360
1239835747714301952
1239839565399154689
1239843416051245056
1239847167810027522
1239854724163215362
1239858587201085441
1239862214582034432
1239869778677903360
1239877279616045057
1239883039959900160
1239884852058632192
1239892407635922947
1239896136556711939
1239900039301955584
1239900110911352832
1239903729752649733
1239905789122314240
1239910962465067008
1239915043216637954
1239919879337267201
1239921514541191169
1239926409830727680
1239930181743194121
1239933948161032195
1239934971806171145
1239936422271782912
1239937758313033728
1239941488177446912
1239946411988455424
1239951217763237888
1239955310342742016
1239958639030517761
1239960266223345667
1239964141034471424
1239967896538738688
1239971672381259776
1239975414233104385
1239979189903769600
1239983038664249346
1239986751701213184
1239990531679289344
1239993608855597056
1239994346830774274
1239995986266804226
1239997431632154624
1240000873343959044
1240001855305986048
1240005735808991234
1240009432572051463
1240013215398088704
1240016959292551174
1240018689933615111
1240020814893907970
1240026322124132358
1240027503684726785
1240028299612610567
1240036180235816965
1240038826854297603
1240043447085563906
1240048552031600640
1240050971478237184
1240056530537496577
1240058494193205248
1240060273807024129
1240066060839194629
1240069053496135680
1240069826334392329
1240073647387279362
1240074130403270658
1240081195632939013
1240088660646690827
1240092517498060803
1240093021854740480
1240096294141558792
1240099992410431492
1240103834845839366
1240107554606395396
1240111316574056449
1240115133013262336
1240118864752660480
1240122650732777473
1240126477108162563
1240134049508835335
1240141568910163969
1240156607822147584
1240164249902735361
1240168008129142785
1240171830079610882
1240175509566349313
1240179257139179520
1240186908388601862
1240194479212113920
1240201900122943489
1240209498985451520
1240217038561427458
1240220903449001984
1240224548966014976
1240228453061967877
1240232178694467586
1240239700528582658
1240243738531807234
1240247258421084163
1240250297919864834
1240254800475885568
1240256306335944705
1240262370007691267
1240266201969942531
1240269937844903937
1240273639678906369
1240277506432827396
1240281273408643072
1240285034625601539
1240288730117701633
1240292625967722496
1240296400887394305
1240300027446083584
1240300427234680832
1240300925765464064
1240303824306388995
1240307598999654403
1240311473525723139
1240315981504839685
1240316268189794305
1240322780727521280
1240326562551074816
1240330495549939714
1240332117688664064
1240337861624369154
1240340384850599938
1240340570054295552
1240341333870551041
1240341660086738947
1240345048316772353
1240345406795583491
1240349125977214982
1240352938167599109
1240360573952499712
1240368074471112704
1240375525580902401
1240379359699099650
1240383120098156544
1240390775504023554
1240398320784334848
1240398776709320705
1240406100354179072
1240406347864301569
1240413292830564352
1240413850622722050
1240420869924667393
1240428482473197568
1240428952918818817
1240435964432068610
1240443530620932103
1240447395684585474
1240451089230639104
1240458683756228609
1240466149072134147
1240470015092154368
1240473470900809729
1240477552310915074
1240481318468751360
1240485144747741189
1240488878546526210
1240496354218192898
1240504001763950592
1240507756521631744
1240511568657494016
1240515306742779904
1240519022518599680
1240526625026068480
1240530374003957760
1240534120113070083
1240537869590188032
1240541660729262086
1240549283591598080
1240556867409055745
1240564417198202880
1240571947383238656
1240575614140256258
1240579479606636544
1240583328874586114
1240586991227600898
1240590772795211777
1240593866824339456
1240602099416739840
1240609635083735040
1240617162198454272
1240622671446061057
1240626656915656705
1240628538438553601
1240632364801445888
1240636011882975233
1240636235179274241
1240637312796635136
1240639041139290114
1240639885247160321
1240643659302866944
1240647396566208513
1240651233251266562
1240654984666058752
1240656549871259649
1240661992886562816
1240662586602946561
1240666263296319489
1240669161430355973
1240670090074472448
1240673734459039744
1240673793602961408
1240675723075039233
1240677786735521796
1240681382139043850
1240685144085676032
1240688987938803713
1240691360132259840
1240696452973613056
1240700271610621952
1240705872113717248
1240705876337491968
1240705880636575751
1240705885749383174
1240705891298504704
1240705895480188928
1240707785630851074
1240713540043849729
1240714658677481473
1240715345859678208
1240716300080594945
1240718612182138881
1240722915475193856
1240726670476283908
1240731893332664322
1240733456121937925
1240738892652990467
1240745522748633113
1240749371802693633
1240753060399497227
1240754300210601987
1240757411134177283
1240760586629189633
1240762414095892481
1240764946113232901
1240768578795851777
1240775744021770251
1240778736875732997
1240783280007450624
1240790832384483330
1240792649357053954
1240795158993678340
1240798459051094018
1240800197917188099
1240801420435128321
1240805882235150336
1240813457529856000
1240817333775536128
1240821069193400321
1240824848542285831
1240828597444718592
1240832531659964417
1240836144306274304
1240839879820480517
1240843701259309056
1240847435263610880
1240851381939994624
1240858736912195584
1240862631919050752
1240866347581669376
1240873956544073729
1240877731346333696
1240881482006253568
1240885281143881728
1240889102804889600
1240896570075295744
1240900380646670336
1240904088591708160
1240907888912187392
1240911632018128899
1240919133551656960
1240923029946892288
1240926766237200385
1240930579794796544
1240934234358980609
1240941823243309056
1240945576432283648
1240949421346521088
1240957003939426305
1240964438687133697
1240968285388181504
1240972077525544960
1240979542128373766
1240987173438066694
1240991117241389057
1240994720677007360
1240998984321249288
1241002276002697216
1241002529347047424
1241006013580480512
1241006048280002563
1241009722960027648
1241012588030427145
1241017492581027842
1241021190094950400
1241021633223106562
1241024935960739841
1241028713925378049
1241028726344880129
1241029963119243265
1241032393278005248
1241036264142487564
1241041185533239297
1241043697363492867
1241045659735724032
1241047266108084224
1241048421366202369
1241051375557062660
1241054867944361985
1241058572538130432
1241062398724837377
1241065288214421504
1241070128659398657
1241077477734309888
1241085007545929729
1241085999893098500
1241092526792232961
1241096387133128704
1241100078623883265
1241107645471301635
1241111334365863937
1241111433552834562
1241115263032070149
1241122740414922752
1241123520890929155
1241130342372818945
1241137896993718277
1241142082691096579
1241145419503206400
1241151930405195776
1241153003769548810
1241156207819272192
1241160496654548994
1241168090253209604
1241175665455566848
1241183181077954568
1241190713418801163
1241198293750820864
1241205828725755914
1241213366728876032
1241220947836899329
1241236344598417410
1241236344602591233
1241243586521432069
1241251140903350273
1241258702042267649
1241266188539355136
1241273759283191814
1241281346347118595
1241288877408686080
1241296430368784385
1241304292159631360
1241319112271372289
1241326578589671425
1241334193180852224
1241341752008736768
1241349256260325376
1241356853717721088
1241358582223904769
1241362676707733505
1241364416324567041
1241366096118272002
1241371871133736960
1241372481690230785
1241376256089874433
1241379417500323843
1241386990882390016
1241394564327452674
1241402438994853888
1241406362896281611
1241408958042181633
1241409988872060929
1241411435957280768
1241417290069000197
1241424782664642564
1241425264544026635
1241430624466014210
1241432271019704327
1241437881824092161
1241440187961479168
1241445430543745024
1241447406635450368
1241454954201612288
1241458307778437124
1241462471896023041
1241470106594615299
1241470935175217152
1241477572329865218
1241481068643057669
1241485161998532608
1241492750522081281
1241500289389248512
1241507837538455555
1241515310861164546
1241522894729027591
1241530501468471296
1241538010686140428
1241545591005548546
1241553075451703299
1241560718211715079
1241568533261234176
1241575814254247937
1241583279062560773
1241590817153826817
1241598373376950272
1241605932615950338
1241613532971630592
1241621020110438402
1241628585372332035
1241636186835337217
1241643675165351937
1241651214028333057
1241658868113051649
1241666312499277825
1241673951719415809
1241681564355964928
1241688973761708032
1241696510997340160
1241704151974895616
1241711636446089216
1241719257790062599
1241722298538831874
1241728499163029504
1241734283439587328
1241736114597134337
1241741832259866624
1241747455823286272
1241749435303985155
1241753660746608641
1241756900770951170
1241757412463345668
1241764491332849664
1241764958716735491
1241772056175431691
1241772553057812480
1241773775554842630
1241779676609208321
1241787205594550272
1241787675658551301
1241792733922107394
1241794681639444480
1241795828525797377
1241802268036476940
1241809853535879169
1241817675069829120
1241824868955492353
1241832460075360260
1241837935735066626
1241839990595899392
1241841409327431680
1241847579517898752
1241855144792395776
1241862700088668160
1241870175424720897
1241877744180432898
1241885279134330893
1241892910133645315
1241900377743785988
1241907946595979269
1241915492316700683
1241919323133947907
1241923056861433856
1241930574580899840
1241938201620762624
1241945707520634883
1241949492317949953
1241953203077480448
1241960754934353921
1241968390236971008
1241976126110605314
1241983481724514305
1241990944762875904
1241998599900323840
1242006087374647296
1242009855965224965
1242013674635694088
1242021219727179778
1242036296719220736
1242036296794726405
1242040059622293506
1242043792884142086
1242050268654702592
1242050924073410561
1242054284356849665
1242055120176721920
1242059208528465926
1242066477550915590
1242074011485511680
1242077861902761987
1242081637736857601
1242085342930448390
1242089282732515329
1242092961648828417
1242096659460472833
1242100509206511619
1242104205822906368
1242108002016124929
1242111764361293825
1242115522646495234
1242117323747721218
1242119317602344963
1242120185076744196
1242123075270987778
1242123854341906439
1242126888228839426
1242130621918576654
1242134505491763200
1242138195590078465
1242143026237095936
1242145727951917057
1242148795812544512
1242149596677242881
1242153557312393217
1242156732383543297
1242157040845443075
1242159351432953858
1242160843359498241
1242164601036451842
1242168401302376452
1242172148145405953
1242175990626910211
1242176461055954944
1242179738443157505
1242187586350784512
1242194819218386944
1242195380370132998
1242202906213875712
1242204757457907712
1242205953296121858
1242209953781297155
1242212958534500353
1242217519437484032
1242225032610426880
1242226848538472449
1242232571775332360
1242240181480108039
1242247678211362822
1242255200917884928
1242262748551135239
1242266603879833604
1242270287133061121
1242277861932830721
1242285470631047170
1242293178000199681
1242296787882446848
1242300492606210051
1242304350011174918
1242308317541806082
1242311868686962689
1242315684257857536
1242323163381366785
1242330732875395074
1242334511779676160
1242338358728294400
1242342119093743619
1242346056781828101
1242353425356111872
1242360888033718272
1242368471322722336
1242372247458910208
1242375998131372032
1242383672591949824
1242387382571327488
1242391192383426561
1242398733783969794
1242406192342851584
1242413749534941185
1242421287877779457
1242428853819191298
1242436481135902720
1242440190142144516
1242443955419205632
1242447744649891840
1242451628109844481
1242455283269619712
1242459123968507906
1242462819053944833
1242466681789632512
1242470431229124609
1242475409142317056
1242477953830858752
1242479759495507968
1242481737466351617
1242485498922389504
1242487472212381696
1242493078159667203
1242496857391149057
1242500590841798661
1242504524583010305
1242508158540578816
1242514256794353670
1242518224081752064
1242521193988661248
1242523747510353921
1242526993452871680
1242528486604013573
1242530798219284485
1242531482310250496
1242532089179889665
1242532919203303425
1242537588805828610
1242538044181315585
1242542149343875074
1242542202359775233
1242542765713420288
1242546944427393024
1242548120141074433
1242549917542948864
1242557228789399553
1242564778989666315
1242564823906304000
1242568516668137473
1242572312429330434
1242574154047655942
1242579951313981442
1242587520514297858
1242590719761690636
1242594958906982400
1242596737023463429
1242602563956092928
1242603064424628226
1242606346723381249
1242610098402361345
1242617590704410626
1242625228016103426
1242632798160257025
1242636474404745219
1242640531307532289
1242644059132493824
1242647952369295363
1242651603594817549
1242655402887700481
1242659153430089730
1242663349957074945
1242670464952143874
1242685591151685632
1242689325650849794
1242693184033107971
1242700745364963328
1242704436469862401
1242708230150803456
1242715946369847302
1242723354550960128
1242730945716916224
1242734717587410944
1242738392049352706
1242742319255883778
1242745940718637058
1242753565711613952
1242757335271038976
1242761094986432513
1242768284744912896
1242769014427987968
1242776154869846022
1242783749462470657
1242791260194320385
1242798355467644929
1242798812252508167
1242802636379885568
1242806633060872192
1242810138513354752
1242814015291764742
1242817679519612930
1242821457308254209
1242825246195044356
1242829020967960576
1242832765617389570
1242836554009190400
1242839379204132866
1242840326500425729
1242844075688067072
1242845680642789376
1242847957914914816
1242851973956866048
1242855610846195712
1242859211043766274
1242865563573145603
1242866866722353153
1242867044481105920
1242871297492824064
1242873499250757633
1242874333074280456
1242874960982487042
1242878116676218887
1242881445338722309
1242889531923275779
1242893234608713728
1242897002402381835
1242899611578175497
1242900760138002432
1242904529101864961
1242910735442882561
1242912139137953792
1242915876065742848
1242919917697019904
1242922624247836674
1242926588557012992
1242927216280944648
1242928107662778368
1242931414036893696
1242935142575980546
1242936481418747916
1242942243155181569
1242957345149370368
1242962864664711169
1242964930367819776
1242967919652470785
1242972411743649792
1242974198185758725
1242980196862623750
1242987576883138560
1242995296713441280
1242998909162659842
1243002962982637574
1243006418590076930
1243010218461736965
1243013986041450496
1243017787716644866
1243021493862379522
1243025296997199872
1243029039738224641
1243032899911327750
1243036646104338433
1243040434022232065
1243041968302829568
1243044187945213953
1243048285809651714
1243055477468082176
1243063039810777088
1243071032556208129
1243078177989316609
1243081937520123904
1243085759776788486
1243093223721050113
1243096993444003842
1243100760843436033
1243104561323225088
1243108429968924674
1243112183359307776
1243115944706224129
1243119735023206400
1243123475721736192
1243138844377133056
1243141145959464961
1243143040820228098
1243149845520670720
1243153846270070784
1243153856130842624
1243157446190862336
1243157779365408768
1243161374081142784
1243164991458598913
1243166474245718017
1243168815028097024
1243168898884743170
1243170629970530307
1243172838699384832
1243175326546608133
1243175648442662914
1243175848557121536
1243180432893661184
1243183268821979139
1243183915927560195
1243185489299083264
1243186923591675907
1243187671175958529
1243190763208478720
1243192577429512195
1243194748736847882
1243195285645471745
1243197951071137792
1243198171515441152
1243198947625259008
1243200687476965377
1243200994042941442
1243202696338747392
1243205605839360001
1243205759686631424
1243206559745937409
1243209042933276673
1243210306110861320
1243214021869830145
1243215446196858880
1243216690529341441
1243217037708705792
1243218145294286849
1243221667729506305
1243225347769995265
1243226614357463043
1243229153710821377
1243229939706540036
1243232920359362560
1243235871052247042
1243236676346040324
1243240510388678656
1243244237745000452
1243248074241302536
1243251860749848577
1243253565461794817
1243255534670798849
1243259331824533506
1243261075971280898
1243263189191720963
1243266866782535682
1243270182082162690
1243271109920899073
1243274410192261121
1243276197041262593
1243278177658699782
1243281501871050753
1243282280065441793
1243282844404699136
1243285777359962117
1243289503936270337
1243293330101940227
1243297063716237312
1243301396222488578
1243304606375043077
1243312260715614213
1243319726698311682
1243321497411870721
1243325251829841927
1243327249300021248
1243334819024601097
1243342675677532160
1243349927947898880
1243357552751996929
1243361331232665600
1243365009226268672
1243368791989518336
1243372550605979651
1243376356991401984
1243380204656967682
1243383918662828034
1243387752650952706
1243391471513792513
1243395258001444864
1243402795522252802
1243410374285619200
1243414110508707843
1243417944282918918
1243425406469828611
1243433016808157184
1243436732999258114
1243440502474772480
1243448049541750784
1243455702322028544
1243463222306504704
1243470714709172230
1243478301110386689
1243485806662225921
1243489598224977920
1243493400806072321
1243500900964085761
1243504765390200832
1243508530264621057
1243516099553103872
1243523555402362882
1243527331332927488
1243531190449160192
1243532348060250119
1243535061246500864
1243538776321921028
1243542507021045766
1243542967236821000
1243543713386766341
1243545833733345280
1243546294934802437
1243550075583750144
1243553776361000960
1243557665906753543
1243561385486888961
1243563161006956545
1243565073681068033
1243565169134927874
1243567031410180097
1243568872751497216
1243571909331161089
1243572718836092930
1243574862142111744
1243576466660642816
1243576918940803072
1243578906118152194
1243580232977780736
1243583983507533825
1243584024129359872
1243587730631688194
1243591551319769088
1243595352952975365
1243599096142876672
1243602935671599104
1243608437818363905
1243608659961282561
1243612138079485954
1243614262318247943
1243617921663930368
1243621443679801346
1243623153181626368
1243625569583075334
1243629311262969859
1243644368193572867
1243648354476752896
1243651020451762176
1243651898126880775
1243653024519725057
1243655690318684164
1243657998985240577
1243659521161138176
1243667006525771776
1243674551550173185
1243679887598194688
1243679917650456578
1243682189549568000
1243685142461403137
1243689965713862658
1243697551158710281
1243704837482610688
1243712383048192000
1243719945135013888
1243727872008871938
1243734973452111872
1243742497349787648
1243750362017943553
1243757684622589953
1243765385805139968
1243780380076933120
1243787888233496579
1243795351859060737
1243802895147053057
1243810469011492864
1243818020428013569
1243825554287190016
1243833170304401409
1243840874896928773
1243848248927944704
1243855839842222082
1243863383360901121
1243870937012977664
1243878443156213761
1243885969662672897
1243893529568575490
1243897784123764744
1243901209221701632
1243901603524026369
1243908708008169483
1243913233016205315
1243916144265879554
1243916650925166594
1243920442265608194
1243923785595699202
1243931234960658432
1243938813832986624
1243946356575780866
1243948159883231233
1243953903483392000
1243961531366289408
1243963228788580352
1243964549428137984
1243969014444982274
1243969528603738112
1243976561608589314
1243984320135680001
1243991908382277633
1243999207914160129
1244006743820173314
1244007690298363905
1244011211496325120
1244014299028299778
1244018578296201216
1244021888860524544
1244029537735847938
1244036970092912640
1244044560646496256
1244052111442264064
1244059620869656582
1244067201461649413
1244074708418658304
1244076492444831745
1244082291833479168
1244089789214793728
1244097392292638720
1244104998436384769
1244112432798277633
1244120050438746112
1244127608285077504
1244135138205802496
1244142637302644736
1244150238341971968
1244157815419273216
1244165291694854144
1244172870777032704
1244180417684672512
1244187930874306560
1244195558618738689
1244203092247281664
1244210678598119424
1244218494620704769
1244225751932682240
1244233220075462657
1244240847580921857
1244248408300367875
1244255932005171203
1244263431265533952
1244265193879863296
1244269257204121600
1244270976768061440
1244278628680192000
1244279038597881858
1244281738626576391
1244286116464820225
1244290395376422914
1244293703843414016
1244301193926651908
1244303049977409537
1244309167483031555
1244316284814348289
1244316879541460992
1244323912785309699
1244326906062913539
1244331621848952838
1244339004176240642
1244342310202212354
1244354018131968002
1244361617367879687
1244369157212291072
1244369648021385217
1244376725607329794
1244377517546405890
1244384315624087554
1244391827991642116
1244403311782092800
1244406937724375040
1244414459252215808
1244421973335310339
1244429523514507266
1244437129536647170
1244441083947384833
1244444665698496512
1244447221283729408
1244452201919102977
1244459760801533953
1244463503584432128
1244467365867388929
1244474900485677057
1244482747197947904
1244486142545801217
1244489931180949504
1244493761184444419
1244497541565231105
1244505155795640320
1244512563402100737
1244516343287894019
1244520294905262080
1244527738431647745
1244535228833705986
1244543011024969728
1244550435622576129
1244554096889204736
1244557872501002240
1244565496307109888
1244572976311341056
1244580616328433670
1244588216117858304
1244595647799533569
1244603270221434882
1244604150383599621
1244610738834092038
1244614487891640320
1244618263520333824
1244622049911484416
1244625837384663042
1244629428065484800
1244629586547281920
1244633518363336704
1244637008359718912
1244639023148281860
1244644724243402756
1244648585406418944
1244650485342261250
1244650896576872452
1244652380915974144
1244652993598779392
1244656042283282433
1244659799540879360
1244661575564345344
1244663773627064320
1244667332103794688
1244671175621574659
1244674901551779843
1244681093296484352
1244682447456997386
1244683437761376256
1244686578951360515
1244690055425335296
1244693784597848066
1244697556430589958
1244701320625389568
1244705095402557441
1244709241669201928
1244712732106067969
1244716489363656706
1244720218322198529
1244723963839811586
1244727795982499842
1244731507601702914
1244734534836539398
1244735507952615425
1244736536966574082
1244739573059588097
1244740845250785280
1244741580675780611
1244746658921005056
1244752513276010496
1244754198597718020
1244761743685025799
1244767326039355393
1244769259261169664
1244769855087226886
1244776899295010817
1244784378179354625
1244799509852499970
1244807050921680897
1244814659351429120
1244818397344468993
1244822168682315777
1244825933309186049
1244829748691374081
1244833484042055681
1244837225155776513
1244841031348236288
1244845123873226753
1244848687123177472
1244852395500343299
1244859890205708288
1244863648641814528
1244867468356726784
1244871187177656321
1244875073321918464
1244877306440474626
1244882667063181317
1244890130126639108
1244897686203109378
1244905272889544704
1244912711605125127
1244920292784431107
1244924164777050112
1244927795957989376
1244935361362526209
1244939134831153152
1244943065275600896
1244945622999822337
1244950518012805126
1244958089490714624
1244965561534119936
1244967267458338817
1244969448349601792
1244973125055512580
1244976911450808320
1244980646713462800
1244984424195915776
1244988308960219137
1244992100380311558
1244995750569881606
1244999557085302784
1245003402003824640
1245007176382496769
1245010690202460160
1245010866203963392
1245014636187078658
1245018472716931074
1245022216925908992
1245026049282449408
1245029839142359040
1245030584822517761
1245033497284227078
1245037270517911554
1245040944875024384
1245041072046301185
1245044904205717505
1245046047480655873
1245052453185257472
1245056210107277320
1245059997983178752
1245064532311052288
1245066314546372614
1245067956184326151
1245071265121140736
1245078796102971392
1245082671061127168
1245086370919563265
1245090122145595394
1245093360387403783
1245093895698026496
1245098390402273281
1245101450642030593
1245105370437222402
1245109058186686469
1245116612094672896
1245117044170858496
1245124094162583555
1245125161474498560
1245131655586643971
1245139278696415233
1245142336012791809
1245146868440498181
1245154615387131905
1245161041786310657
1245161944149037056
1245169396663934976
1245173246577737729
1245180807980945409
1245184796185235457
1245188363394715649
1245192116562771973
1245195905742979073
1245199699314905090
1245207196289335296
1245210966645772288
1245211167490007040
1245214780270444556
1245222322027495424
1245233645725548549
1245237428039925760
1245241187663052801
1245248766778753024
1245252648883847168
1245256335786213376
1245260051280953344
1245267909225693184
1245275257369497609
1245282422247153665
1245282659477176320
1245290229885472768
1245297786809171971
1245305308492201984
1245309155851808768
1245312885141770242
1245320457777184770
1245324232235646977
1245327969415028736
1245331779315273728
1245339632079966210
1245343090371690496
1245346869703827456
1245350624373456897
1245354457233326080
1245358139098234880
1245361980086595584
1245362191714398209
1245365167510224898
1245365783309492226
1245369554475286531
1245373231118286848
1245377014229536768
1245380784132947968
1245385037907927040
1245385633784188929
1245387586702622721
1245388355539533826
1245392202018312193
1245396154252214277
1245399745419513857
1245403446636941312
1245407268818038794
1245410992709828610
1245414783844790272
1245418861329027073
1245422383307132930
1245426183522705409
1245429881535705091
1245433730317107203
1245434085310332928
1245437411137654785
1245441230189867008
1245444965670498305
1245448819464114185
1245452513555492866
1245456302328905729
1245460130407297025
1245463926608990208
1245467636969979904
1245471471541137413
1245475209404125190
1245478985557053440
1245480689212030976
1245482788641480707
1245486569835945986
1245488279337738248
1245490252669685762
1245492122939199488
1245494100763254784
1245497902799216646
1245501586832609281
1245505386792267776
1245509197044858888
1245509711694303238
1245513276148023296
1245516738965504001
1245524351111348225
1245531839374163969
1245539325393211395
1245546921265106946
1245554473113653248
1245562016191913984
1245565884388782080
1245569568849850368
1245577163811598336
1245584631342043137
1245588869396885507
1245592226475827200
1245596126402633731
1245599848679657479
1245603704247447554
1245607375387553793
1245611125661548545
1245614823930343424
1245624138284163072
1245626481826385922
1245632221202878465
1245637488300789762
1245642101041156096
1245645052916813824
1245652963986558985
1245660326328012800
1245667678683107329
1245676225558982657
1245683492652015618
1245690324812533761
1245694188131319808
1245695161637707776
1245698011797295105
1245705432284499968
1245709270714286093
1245712988952240129
1245716806914002945
1245720524065562624
1245724341561692160
1245728133250154496
1245731918873866240
1245732157143887872
1245735709278961664
1245737137741299713
1245739466943344640
1245743178407383044
1245747110257070080
1245747284802928640
1245750738720100352
1245754497303040004
1245757286859132928
1245757287735664647
1245757288763273217
1245757289551798274
1245758332599709699
1245762101181927426
1245764899889909760
1245765898331475968
1245766520996839424
1245769611414515712
1245773398053175296
1245777166215897089
1245780933703319552
1245785067210899457
1245788563385524231
1245792294760058880
1245796077292400640
1245797519008976900
1245799814371127296
1245803586786938881
1245807370837594113
1245810383954292742
1245814953405227008
1245818724747218944
1245822445237358592
1245826291233931270
1245830003461361664
1245831860153769990
1245833853173932034
1245835600978227200
1245837590068068352
1245838090318401536
1245841367835774977
1245845694096629761
1245848961715523586
1245856450603126785
1245864217397227528
1245871559006355463
1245873651066580992
1245879120724197378
1245886662082736128
1245894538817941512
1245901789645418496
1245909388554051585
1245913413097684992
1245916937579716608
1245924468976799745
1245932437948870670
1245935812665061376
1245939613648158720
1245947049771700224
1245955545573527557
1245964366517854209
1245965930733211650
1245969786401689601
1245973494065741824
1245977548598718464
1245981044253380608
1245984886357405696
1245992356702294016
1245999937063616513
1246007457144606720
1246012817842544640
1246014966450323457
1246018771875172352
1246022539261939712
1246030121900879872
1246033919918686208
1246037638924075009
1246045694110154752
1246049016602861570
1246052774346981376
1246055835849183233
1246056491284643840
1246060808049692672
1246064102356602884
1246068061746192384
1246068481948254208
1246071632315195392
1246074058925428736
1246075612109963264
1246079131353219073
1246082909385129988
1246086687517814785
1246089049003175936
1246090548018110467
1246092387882913793
1246094306567499778
1246095038788050945
1246098082061783040
1246101957791698944
1246105964899598336
1246106351425773570
1246109334192435201
1246113111771353088
1246116974574346240
1246120686411710464
1246124439634350082
1246128297391665153
1246132456727760897
1246135795704123392
1246139567218003970
1246143318830055424
1246147092881584130
1246150884146524163
1246154733921992707
1246158471537573889
1246162245849100288
1246166535334506505
1246170281980329989
1246173504954826752
1246177613409902594
1246181295882895360
1246184908554371073
1246188698393337857
1246192410914369542
1246192940403359753
1246196238971801602
1246200266896158720
1246200549697097733
1246203803306729479
1246210828338151426
1246211355683762177
1246218834907979777
1246226356926545921
1246233983643537408
1246241454562869254
1246249061193261057
1246256699402575873
1246264166450712579
1246271669313945601
1246279205400313856
1246286767403212801
1246294306232635393
1246301879904153605
1246309436701974530
1246316973866221569
1246324526905995264
1246332093665329152
1246339711477731330
1246347210788397056
1246354769876320257
1246362622770982913
1246369833853366272
1246377369310564357
1246384972237283329
1246392920472772611
1246400081009545217
1246407572971827200
1246411485867278336
1246415130692386816
1246422883800420353
1246430243637923840
1246437756273864706
1246438280603844608
1246440888546537472
1246445334659768320
1246447075853828102
1246452917089046529
1246453445395185664
1246457189897814017
1246460456509808640
1246468059126206465
1246468449603325954
1246469718195781633
1246475516191870979
1246483088496041985
1246483649236779009
1246490654131306497
1246491139139604482
1246498218030051328
1246505720331358211
1246513260704268288
1246518853963853825
1246520823508340736
1246521335012118530
1246528463093276672
1246535994347831296
1246543742036840451
1246550995674501121
1246558586840535046
1246573707813937160
1246581292063510530
1246588835523428352
1246596309563432960
1246603942106144776
1246611423310098432
1246618992434917379
1246634067484909568
1246641649301798915
1246649218393149441
1246656709952712704
1246664535244759042
1246671833161764864
1246679808366587904
1246686973131194370
1246694730534092800
1246702111255035904
1246709599690018819
1246717748325101568
1246724693547257856
1246732231059660802
1246739777438863360
1246747325944528897
1246755072480104449
1246762456971698181
1246770024968261633
1246777520978112512
1246785092527312897
1246792599484145664
1246800203916681216
1246803255524503557
1246807717521567746
1246810754252189696
1246814158940704772
1246815318909075457
1246822799727042567
1246830398501421061
1246838482745655297
1246845521530142729
1246853057822035969
1246853514581639169
1246860611541229575
1246868377857069056
1246868685081530369
1246871112920838144
1246875438732853248
1246875701761978370
1246883255749672960
1246886495996260363
1246890828791984129
1246891328862068743
1246895082986442753
1246898518419259395
1246898748787175425
1246901338295934983
1246905870430212097
1246913427177603072
1246919876574396417
1246920932456902656
1246936032416849922
1246943590485458950
1246951137682632706
1246958726256492544
1246966282886537216
1246981381684690945
1246985135003762688
1246989170842767360
1246996720447356929
1247003980338782208
1247004604203663365
1247007876733898752
1247011635690168320
1247019077035536385
1247026667866001408
1247030541230186496
1247033885436694528
1247034254145585154
1247041994179907584
1247049334371352576
1247053120989003776
1247056837402398721
1247060795113996288
1247064402534244352
1247071941841879042
1247075721450831873
1247079562716028929
1247087106717032448
1247094667126153217
1247097398238773249
1247103095424909312
1247109912678842368
1247111720000278528
1247117305143865344
1247124899514257409
1247129609151397888
1247132387508727809
1247139950249869316
1247147617269792770
1247151291618529280
1247154972162166784
1247158808209772544
1247162633813450752
1247166383294517250
1247170072998752256
1247173811130241025
1247173914914181122
1247177747455188998
1247181450107146249
1247185259843723269
1247188952836169728
1247192802733305856
1247194071656828935
1247196594765795329
1247200355802329094
1247204097511604225
1247207917998297089
1247211687738032133
1247215383142113281
1247219246360399872
1247222969425956865
1247226761965973504
1247230474923245573
1247234250081996811
1247238095705079809
1247241852400664576
1247245809739014149
1247247333756207105
1247253195472211970
1247256953585311744
1247260707218915329
1247264543040045058
1247266276130635779
1247268263454801920
1247272031063887876
1247275817824137216
1247276278761377795
1247279641280368640
1247283430758535173
1247283928098131968
1247288878735732739
1247290915347144704
1247298418894082052
1247306010156556296
1247307771294474245
1247311530057760769
1247313525057507331
1247321371358695429
1247328650019713024
1247336278678556673
1247343816740388864
1247347501784498178
1247351676983541763
1247358863310979072
1247366378786566145
1247373924385644546
1247381507901214721
1247389088883367937
1247392832014503937
1247396565037322240
1247404143578361858
1247411686614728704
1247419295279337474
1247426524271136771
1247426788558622720
1247434325387366400
1247441894877147137
1247449500723089408
1247457111002546177
1247460754091016192
1247464563261485067
1247472079034875905
1247479643348897793
1247487843452190720
1247490986038702081
1247494780407492611
1247502263364526082
1247509810897129474
1247513676208377858
1247515071753977856
1247517484971888640
1247521157235892226
1247524236962357256
1247524910886338562
1247528781977247746
1247532753622413313
1247536253211271168
1247540251192463369
1247540457220927488
1247543039494696960
1247547562439122952
1247551337300201479
1247555152715841541
1247558979988992002
1247559370990325760
1247562729185062912
1247566463336091650
1247570236636909569
1247573992107642881
1247578132061839362
1247578569779355659
1247581531570409475
1247585396231372801
1247589096278700032
1247593099532124161
1247596702498000896
1247600489384087552
1247602856187826177
1247604290195271681
1247607976254410753
1247611754131140608
1247615555248500737
1247619442852446208
1247623301536628744
1247626839100661761
1247630608781762561
1247632674908487680
1247634406656925697
1247638170029694982
1247641958165725184
1247645790052507654
1247649522546769920
1247653263245283329
1247656277209223170
1247657141223260173
1247661045008797696
1247664652147974144
1247668368024444929
1247672146102571009
1247675922511286272
1247679754700013573
1247683781252743171
1247686562068017153
1247691067450949636
1247698577935208450
1247706183600943105
1247714003658440708
1247721213587226625
1247728794431086592
1247736342156582912
1247740409599725568
1247743932714217478
1247747733353418758
1247751454330253313
1247758992060735489
1247766502503137281
1247774159322529797
1247774199831072770
1247777945726251010
1247781782990123008
1247789251808223232
1247796793619804161
1247804624905441281
1247808054097108992
1247811802341072897
1247819403049254912
1247827090495414273
1247830941919215619
1247834469245034498
1247839955939995648
1247842100122734592
1247849650381631489
1247857452151947266
1247864689947824128
1247868463013560320
1247871745392021506
1247872208569094150
1247872360314802176
1247879759666843655
1247887754278526977
1247894886956691461
1247894945312079872
1247902753445167105
1247910027630952449
1247913739321520128
1247916879471087616
1247917559485210624
1247925059697729537
1247925681431797761
1247928910442086408
1247932773370863617
1247936382183583744
1247940158059659265
1247947700861050881
1247951515127611392
1247955350365581313
1247959351496761346
1247962796731621377
1247966583982632960
1247969294954135557
1247970345614823427
1247974125798330369
1247978224065404930
1247981683741245442
1247985448196210688
1247985969921429504
1247989243412086784
1247993039911620609
1247993518070562816
1247996768299646976
1248000578418102275
1248004430751920128
1248008132669800449
1248008923883266050
1248009864065904640
1248011908357050368
1248015697747140608
1248019792264450049
1248023242893414405
1248030795530461186
1248031122874871808
1248038294975328256
1248045922367537154
1248047729697337349
1248053415772594177
1248060949183041542
1248064955972308994
1248068490705154048
1248072314014531588
1248076044583735301
1248083682369449984
1248087526528688129
1248091177603207168
1248098928857407488
1248099065541296129
1248106273754800134
1248117576028340224
1248125384887058432
1248129127149899777
1248132662344273920
1248136917591474177
1248144199926591489
1248151547747450881
1248159120122880000
1248166674383155200
1248166674479661058
1248174187899912192
1248177978057555968
1248181863350493187
1248189390414807040
1248195667626991617
1248196931509202947
1248200657846382593
1248204528933122050
1248216884652257280
1248218531969163264
1248218536679329792
1248218541934837760
1248218546456244225
1248218552210821120
1248220740480049152
1248222050189291521
1248223781656629248
1248227132943347713
1248229782661279744
1248232517104054273
1248234671290437633
1248234671411994624
1248237627649724419
1248240440056451077
1248241450892042241
1248242702434455552
1248245155569618944
1248249711737229312
1248253466918760449
1248257471866712065
1248257738951581702
1248259551771734016
1248261025411072001
1248262330082828288
1248264792042803200
1248268935482552320
1248272603934068736
1248273038082281472
1248273368131895296
1248276203628367875
1248278760203390983
1248279919609741312
1248283719028355072
1248286790890532864
1248287454685167617
1248291284151869441
1248295021499092992
1248298770523193344
1248299414348849154
1248303248018223104
1248306325299302405
1248310152182276096
1248314510584229889
1248317670040240130
1248321519329193984
1248325202653655043
1248329404088016896
1248332739306237953
1248336566189060096
1248338242971336706
1248340313074171907
1248344632737648640
1248347921659170826
1248351699334500359
1248355480554045440
1248359165405417475
1248363060156383233
1248366714015842304
1248370508489535488
1248372297125093381
1248374288765210625
1248376033738231810
1248378048858058755
1248381810624483330
1248385619128025088
1248388651349757957
1248393692882202625
1248400704638574592
1248408250116005888
1248415829026172929
1248423588438261766
1248423786161901570
1248430921562222595
1248438439613206539
1248442284292681728
1248446217182482432
1248453565774827520
1248457309329567749
1248461259369877504
1248464860058247171
1248468635590381570
1248476228492779520
1248483726100594690
1248487600609873923
1248491308362031105
1248498894591291392
1248502630936006657
1248506414256902150
1248513997252501510
1248521482470375425
1248529603309776898
1248536606652465152
1248540588363915265
1248544158970773508
1248551735225974784
1248559294380937216
1248566781712699394
1248574405124513792
1248578140655570945
1248581903927717888
1248585671423426561
1248589547157454850
1248593936928604160
1248596972501688322
1248602922033778688
1248604897743945728
1248608355767275520
1248612148386791424
1248614888173256710
1248615866679177217
1248619153688162311
1248619621936070657
1248624460652933120
1248626206011830277
1248627223063486465
1248630968753233921
1248634834697805830
1248635644403781638
1248638561345245184
1248642296251326464
1248646125239832580
1248649838276870151
1248653612823306242
1248657388179206144
1248664938505216001
1248670457299075080
1248676974245097474
1248680097558794240
1248683890937561089
1248687883214561281
1248695125238218758
1248702734934716419
1248710287194234880
1248717773162905600
1248728398693830656
1248729026090405888
1248733153746989056
1248740464460812288
1248748716959379456
1248755645635072000
1248763334981300225
1248766860209917960
1248770734694051840
1248773670304186369
1248778542038605825
1248781982944854016
1248785759890558978
1248789583757803522
1248793279631671298
1248800833166364672
1248808418388971526
1248816021135339520
1248823876655685640
1248831015814148098
1248838577255075841
1248846118450016257
1248853764498432001
1248861228539228160
1248868783923527682
1248876329811968000
1248883868167520260
1248891488181850114
1248899169982599168
1248906597482577920
1248914078787145728
1248921645709955073
1248929249341386752
1248936725042339840
1248944296033751040
1248951865267621888
1248959447420096518
1248967026279886854
1248974504086421504
1248974984296439813
1248976596679241731
1248978754896084992
1248982176474988544
1248985197833531398
1248987636196421638
1248989636266950656
1248997154322100224
1248997650202071041
1249004989609054213
1249007678183145474
1249012251115347968
1249012724396429314
1249019832600838147
1249027389650239492
1249034958557118477
1249042482303774721
1249043013797642242
1249050047527956498
1249053171357495303
1249057529147031552
1249058385745641479
1249063095449858048
1249065118744395777
1249072656449769475
1249080627594440704
1249087754195083270
1249095333327577088
1249102892050464773
1249110390065094658
1249117988541861891
1249125458303750144
1249133142369337344
1249140558792179712
1249148195210432512
1249155709440229377
1249163235003170816
1249170801502322688
1249178315124027392
1249185971012239361
1249193729203867650
1249201327776894978
1249208570081619968
1249216115290574850
1249223668154142721
1249231526572838912
1249238761352966146
1249246808066359297
1249254127378608133
1249261407973117952
1249268987629834246
1249276456561266688
1249284033059737600
1249291599907033089
1249299152196046848
1249306679524679680
1249314246074216454
1249322112562737152
1249326402396135425
1249329318863437824
1249329928786661376
1249336877221584899
1249339936299454466
1249341144418398209
1249344428571013122
1249352013466480641
1249353747437891584
1249359824409759748
1249367054156693511
1249374608022790144
1249382628689657856
1249387751226646528
1249389737783238656
1249395385900109827
1249397310246789123
1249399047015804930
1249401528621895682
1249404872505597954
1249412837656707073
1249414301464567809
1249419921014034434
1249427495331549184
1249430576303689729
1249435096333025280
1249442555751731205
1249450146598879232
1249457732136173568
1249465195380068352
1249472779876995072
1249480407701172224
1249487893447540736
1249495587134767107
1249502993021636608
1249510729939587073
1249516996791693317
1249518480434610183
1249519157814521856
1249525659942236160
1249533225468416000
1249537042033381376
1249540739798892545
1249548270155829249
1249556174833360896
1249563529696415745
1249567206649794562
1249570941937614848
1249578930882961408
1249586031076261888
1249593579003162624
1249601227400372224
1249608964788142080
1249612464720920578
1249615899184766982
1249623775181770752
1249631487806275585
1249638858645479424
1249646427619328000
1249653977710563328
1249653977802825736
1249657730794749953
1249661544067145730
1249665357503234048
1249669179436916736
1249673042420092928
1249674193152757762
1249680416631635974
1249684154624679937
1249686230901587969
1249691775800836096
1249695570446422017
1249699360113385472
1249703063721512960
1249706803237183490
1249712410811928576
1249712411675852800
1249712412430929929
1249712413341089795
1249712414200926210
1249712415048163328
1249714410328862722
1249718651147747328
1249721959044317189
1249721961980313606
1249725665525587971
1249729470480728066
1249733228556140546
1249737015249252354
1249740157969891332
1249740816832233472
1249744535716061187
1249749156568223744
1249752094413926403
1249755948819906561
1249759670761332745
1249763501243084806
1249767054850363392
1249771025111420930
1249782316593004544
1249789885172645891
1249793642195308545
1249797401025622016
1249801247181463552
1249804987607199746
1249808795338973184
1249812487991672832
1249816363750895616
1249820110233186306
1249823887971487744
1249827601369255937
1249831376037306375
1249835288156913664
1249838940418424835
1249842692051406849
1249850323491053574
1249850758922743809
1249853325467623425
1249857905874087938
1249865348045832192
1249872980508901381
1249876731235905538
1249880511272665088
1249888079608856577
1249895612465774593
1249903461531037696
1249906938877542400
1249910630334828547
1249914478600339457
1249918232166895621
1249925750536404997
1249933322467315712
1249937144006787074
1249940845438160896
1249948429259812866
1249952221082648576
1249955966117912577
1249963805527941121
1249971119031046144
1249978690047533064
1249981284719476740
1249982170921340928
1249982726528274432
1249983678513590273
1249984458503139329
1249984805116264451
1249985253034385409
1249986335210946563
1249993887529209857
1250001601097580544
1250008984003772416
1250016362669518850
1250023911795896320
1250031465733242880
1250039005250551820
1250046580893396992
1250050403233914887
1250054112353320960
1250061698981146629
1250066354234949635
1250069281263534088
1250075525730701313
1250080518877646848
1250084286109270016
1250085119173332999
1250088106755268610
1250091843649507330
1250094241704968193
1250095613070446592
1250099374467801089
1250103240999526400
1250106983556026375
1250110853636141058
1250114580375797760
1250118551475716096
1250125105390399488
1250127948298047490
1250141815166193665
1250147615704002562
1250152352511918080
1250156017939292162
1250159859271598081
1250163562728783873
1250179098015653895
1250179956774141959
1250182650347782145
1250186244597874688
1250190093886861312
1250190495273365504
1250193812472958981
1250195578430074881
1250208079033126912
1250209365380026369
1250212744185483265
1250220552570241026
1250227775702786049
1250235276464730113
1250242911456964621
1250246641879339009
1250250443629920258
1250254182386470914
1250257986897039360
1250265484789858304
1250273256453468160
1250280805508644864
1250288492011114497
1250295841308344323
1250299537823944705
1250303230975721478
1250310841112485890
1250313296030257157
1250318458044080129
1250324701865365504
1250325975528701952
1250333448838864897
1250341036729102340
1250348640486342657
1250352312062603265
1250355338101964803
1250359961475055616
1250363693495455744
1250371727722450944
1250378734990999552
1250386358507573249
1250393830966407168
1250396580877828096
1250401436405563395
1250409015844233217
1250412832828657666
1250416212728844288
1250420474292527112
1250424026201067520
1250427865893494784
1250431636627271682
1250435379712294914
1250439118921719809
1250442432107261953
1250442433692749826
1250442435290746880
1250442437224325129
1250446776009662466
1250450460311539712
1250454230831374337
1250454388377780231
1250458042744942592
1250463311289700352
1250465634913320960
1250469329759621120
1250473093841248258
1250476904097951745
1250480767186190338
1250484519901200385
1250486511256158212
1250488212889444354
1250492059829633026
1250495744131432448
1250499885503320065
1250503355098632192
1250507152923467780
1250510849724354567
1250512760347254784
1250514655744843777
1250518453473198082
1250522159153401859
1250526061915504641
1250529885874987008
1250533534890147845
1250537337014177793
1250541045219278852
1250552544025346048
1250554737977679874
1250557108594126849
1250559925450915842
1250567634954924039
1250575014807703552
1250578112968040459
1250582569269280769
1250590157633474560
1250590716897693696
1250597769649274880
1250605532030930944
1250612766332903424
1250616537549062144
1250620455637172226
1250624179289886720
1250627915185885184
1250631674574057474
1250635409954091009
1250639196475269121
1250641041302138880
1250646742221180931
1250650522283134978
1250658056582639618
1250665656858574853
1250665656938385408
1250673165346406401
1250680801169158145
1250688336626364416
1250695840114659328
1250703395704406017
1250710905945493504
1250718474298634242
1250722237864435712
1250726097681072128
1250733618399514625
1250740866458816517
1250749221155856384
1250751678065885184
1250753241165426689
1250755899175698432
1250759265582813184
1250763103295373313
1250766777874878465
1250768731866832897
1250770684114079744
1250771278362841091
1250771822267817986
1250771928736038914
1250774427605794816
1250778106316627969
1250780753845268481
1250781907115282435
1250785653199179777
1250789510461480962
1250791003251978240
1250793198647197698
1250796464525111297
1250796977803145218
1250801505025785856
1250801833519525889
1250803367976275970
1250805280432164864
1250809114176995330
1250809977574289416
1250812187356135424
1250816626263498752
1250818494624653315
1250820384569593856
1250824180020449282
1250826880938369024
1250827344778072064
1250828508332527618
1250831708146016260
1250835496542048257
1250836750303481856
1250839344321122304
1250842280778489858
1250846805581008896
1250850680375476224
1250854417005457410
1250858497933180929
1250861954845102082
1250863628028391424
1250866051715399684
1250869471717347335
1250873338441932803
1250877106009133057
1250880787458686976
1250884564496592899
1250887493299339266
1250888383779438595
1250892095507894274
1250895946042441729
1250899976718356483
1250903584293752833
1250907222261092354
1250911109428793346
1250914782322008069
1250917798999732230
1250922400188903424
1250924733513764869
1250926086218801152
1250929879706730496
1250937478409846788
1250940531254984704
1250942978769772546
1250945457674649605
1250948220773191688
1250949234846773248
1250952528352681984
1250960075683958786
1250967704284082177
1250975195780853763
1250981813851271169
1250982802344103937
1250990718941872129
1250998031564103680
1251001740259921920
1251005467834437632
1251009134012571648
1251013219180843009
1251020463947558912
1251027991477567489
1251036290327470081
1251043150832992256
1251050661611016194
1251058215145689090
1251065810233294848
1251073391102251009
1251079136740769793
1251080020447105024
1251080941801549824
1251081829928615936
1251081954734288904
1251082392162492416
1251082854207021056
1251083735480643586
1251084204550619136
1251088413509529601
1251095949755154432
1251103585808658432
1251107275575623681
1251111073207529473
1251114920617431043
1251118714977689603
1251126232302997504
1251131752942272512
1251133795358650371
1251134235974369280
1251141242047606784
1251148897675689984
1251152646896902144
1251156351499120648
1251160164939395074
1251164002475864064
1251166152987938818
1251167742717280256
1251171442101755905
1251175329630216197
1251175613995421702
1251178290204852231
1251179020944846850
1251179150385262595
1251183098328473602
1251186599976632321
1251190324350685184
1251194331299545088
1251196838180540416
1251197870830731264
1251201703493369857
1251205432905027584
1251209266855370754
1251213067486203905
1251216879651377160
1251224386041978880
1251231880655110144
1251240233988915200
1251246963158405120
1251263926928629762
1251265915934642176
1251269605278040071
1251269605311631361
1251277254853787654
1251284797034573824
1251292607495405570
1251299802756927488
1251307401229328385
1251314888443596801
1251322507203878912
1251330092694794241
1251337770943098880
1251345111834910726
1251352686110420993
1251360210209452032
1251367750053834754
1251375302141448192
1251382992435544064
1251390620452614145
1251397950254862337
1251405500618604544
1251413053389799424
1251420583306366976
1251428234228613121
1251436009579053058
1251443312810229760
1251450820635299840
1251458566092972032
1251465882108399618
1251473479028932609
1251481061428731905
1251488623016509441
1251496109832384515
1251504109666078720
1251511202045399040
1251511712479678464
1251518836777549826
1251519240517156865
1251526376429170690
1251533921336123394
1251541384030494720
1251541964811571200
1251549007211569152
1251556488033832960
1251558299360735234
1251564027106508800
1251571604032835586
1251572399918759936
1251579227423604736
1251586693179805697
1251594362854739968
1251601849238597632
1251602289074343938
1251609400638406658
1251616998515257347
1251617463508361225
1251624492775944192
1251631991851794434
1251639533663371269
1251641319597867009
1251647099235635202
1251654632805367813
1251662247266525186
1251662799610286081
1251669765539737607
1251677344328228865
1251684934424637442
1251692418275127297
1251700160515788800
1251707505375395840
1251715062299013120
1251716836833492992
1251722615758225408
1251730591315374080
1251737873134559234
1251745342166532099
1251753142116646912
1251760372270469126
1251768104566296576
1251775654686871552
1251783085751926787
1251790580688044034
1251798392495321094
1251805724621094912
1251813171406548992
1251821090072076295
1251828316635619330
1251835939913113602
1251843602889703424
1251850956775526401
1251858677314850818
1251866388559527936
1251869058938650625
1251873666813571072
1251874100814983168
1251881250610196490
1251888877419274240
1251889224250523650
1251890507409752065
1251891681085067265
1251896323076509697
1251903017500147715
1251904140659306496
1251904353004380162
1251911529655603201
1251915600810643458
1251918876029394952
1251926894058012673
1251926996906631169
1251934037117218817
1251941886031548417
1251946002493423619
1251949080785367047
1251949633510703110
1251950902837227526
1251956652867289089
1251964535344332800
1251971734871441408
1251979363177975809
1251986935586992133
1251994402828009472
1252001924695707649
1252009457237753856
1252017134084947969
1252024569533214720
1252032337816281090
1252039782848434182
1252047278480723968
1252051079845621760
1252054836423647233
1252062327643541505
1252069928531832833
1252073709822713856
1252077785549545472
1252085025924960256
1252092563210874880
1252100120155500545
1252103919968194561
1252107691851501569
1252115211378667520
1252123090160627715
1252130380716654593
1252137818366844929
1252145569587441667
1252153002934362112
1252160457244319744
1252168106488848385
1252175651647430656
1252183157031526400
1252190657902448642
1252195371117355008
1252198303451807744
1252205761452703744
1252209607851872258
1252213401641771008
1252221184894173190
1252224683900047360
1252228496681832448
1252232176361336833
1252235954351464448
1252239782672912385
1252243622810005504
1252247293031481344
1252251131561926659
1252254901268340739
1252258681778995201
1252259358500483073
1252262378810544140
1252266166984335365
1252269986489516038
1252273720418279425
1252277570923618306
1252280939897589768
1252281300859445249
1252289029560819717
1252292673043599362
1252296375179587584
1252304274429816836
1252307762471735302
1252311531930497025
1252315229251416065
1252320886977331200
1252324102670516226
1252326571937071106
1252330869043400714
1252334110615523331
1252337890937339905
1252341752695939075
1252345940893069313
1252349249079005189
1252352991018926081
1252356849979912197
1252364674701471749
1252364822903091204
1252368698972626946
1252371873691664387
1252376210627125251
1252379415855509506
1252382416628408320
1252386945604284422
1252394500044910592
1252395004992950275
1252402069325004802
1252409922458812419
1252417246938329090
1252424699914547206
1252432325205356547
1252440120654876680
1252444299939254273
1252447694972506117
1252454906688135170
1252462481064308737
1252470491555774464
1252477560098824193
1252485104389234688
1252492675925921793
1252495676828778497
1252500282908516352
1252507868588277760
1252515308167888896
1252522924159963136
1252530517783830529
1252542901143384064
1252545809972899840
1252553102298923010
1252560690591797249
1252568138236989441
1252576005669163009
1252583263501201409
1252584587294892033
1252587079676157954
1252590878989979648
1252598378443259904
1252602133171576834
1252605963103866886
1252609711477751808
1252613486900846593
1252617325192392704
1252621081946525697
1252624774204981249
1252628574043090950
1252632381728657415
1252633101215424512
1252636148071051264
1252638105045217282
1252639869106638848
1252643649172787200
1252647485803290628
1252651193513529345
1252659487380508674
1252673135326920704
1252675646612004869
1252679635483140096
1252685694822240257
1252688995353591814
1252697034034905093
1252704061859729410
1252711656511148038
1252718834940817409
1252726738121035782
1252732595961552898
1252734234780930049
1252741795328462852
1252749404097916929
1252755390066036737
1252756908638908417
1252764775316172804
1252772051376640000
1252779569322524673
1252787091790008322
1252794872530194438
1252798426355576833
1252802198863581184
1252809782286745601
1252817499235602432
1252821183042486272
1252824855180804098
1252832412569989120
1252840297219801091
1252847555865571330
1252855073673109507
1252862642961575936
1252870164858585090
1252877749955334144
1252885246565064704
1252889054774886401
1252892791404978176
1252900399251685381
1252904186154541056
1252907918963417088
1252915509877706752
1252922989894610944
1252926587848339456
1252930548269547520
1252934389501169664
1252938164588642305
1252943977256542208
1252953198022799360
1252960800576286720
1252964880430309376
1252968293750759425
