1234981905218408448
1234984422954258433
1234985788468690946
1234988189611216896
1234991951633498113
1234994916154990593
1234995763999985664
1234997130051252225
1234999541109100544
1235000367420559360
1235003286983454721
1235004722299514882
1235007106429915138
1235008832692203520
1235010002194239488
1235010841633861632
1235012640994471938
1235019491614109696
1235022207270572033
1235023598605099008
1235025033291894785
1235028796958322691
1235030044059127808
1235032660554153985
1235034730103476230
1235035486651133952
1235041056271425536
1235044196060254208
1235044942868672514
1235045779380699137
1235048544731566080
1235048603917271040
1235051152363798528
1235053345624256512
1235053629041565696
1235056181615284226
1235060484727918592
1235061478622928896
1235065193865949185
1235071244493557761
1235075031605981185
1235078778742648833
1235082574101389312
1235090143888855047
1235097682793754625
1235105239419588608
1235107369161388032
1235112775170560000
1235116546554462208
1235120328369508353
1235124743415762944
1235127873486323714
1235131649396027397
1235135420352131072
1235139195821314048
1235142960553119745
1235146738220097536
1235150530755940352
1235154276290367490
1235158891186577408
1235160343292321792
1235165632259330048
1235169399209852929
1235174819580215297
1235176760410595329
1235180740377182209
1235184479095975938
1235188267613638657
1235189496876019712
1235192040171896834
1235195837946396679
1235199599910014976
1235203342587944961
1235207123631575042
1235210939999408128
1235214690826977280
1235218483857719296
1235222261235318787
1235222962799808514
1235226054865883142
1235227570087636992
1235229779630137346
1235233593401716738
1235237352907341824
1235241119887380480
1235244885596344322
1235248640295194625
1235249659339210752
1235252457946656769
1235256227678113792
1235258138309414915
1235259999573741569
1235263774803681280
1235267544656863237
1235271330590863360
1235275088477511680
1235278919441448960
1235282652338565120
1235286389047963648
1235290185954361345
1235297332998045700
1235301526907899905
1235305831073271809
1235309039153803264
1235309699010105351
1235312837742006276
1235316588640759808
1235320386583228416
1235320395483537409
1235324163314921472
1235327935499956225
1235331704237240325
1235335475038212096
1235339307042340868
1235341216407072768
1235344300227137537
1235346820110442497
1235350578370408449
1235350578445897736
1235354336802168833
1235358133280792577
1235361941469741059
1235365677227274243
1235369485634342916
1235371980225822720
1235374482786865152
1235376999679606791
1235380782513913857
1235388347255631874
1235392109420646400
1235395884181057536
1235399660770123791
1235403421420867584
1235407230226149377
1235410969624489984
1235414779898081280
1235418523146563584
1235422310225440769
1235426077608235010
1235429860308398085
1235437415860441088
1235444964743667716
1235452532295491584
1235460062983925765
1235467615730102272
1235475165888368644
1235482704663044096
1235490287742377984
1235497807081091073
1235501591223881728
1235505385190158336
1235509131387318272
1235512930877177857
1235516678802292738
1235520657842151427
1235521555578355712
1235528009890873345
1235531767479783424
1235535558677540865
1235539321417056257
1235543132168691715
1235546871134904327
1235547599437996032
1235550676236845056
1235551272008220673
1235554439248965632
1235556040319459329
1235559205702184960
1235561975096074245
1235565797440974850
1235569533282217984
1235573098600071174
1235574564878299136
1235577073118466050
1235580885463977986
1235581979871121409
1235588432308682753
1235592195043774471
1235593624148156422
1235599718320934912
1235603518775529473
1235607286925512704
1235611031172304897
1235614823615995906
1235622417881608193
1235626170152075264
1235627101212065792
1235629930936963078
1235633711561027588
1235637494298939392
1235637496081534976
1235641492837982208
1235645044620591104
1235648825408155649
1235652551363747840
1235656360492249089
1235659878187794434
1235663877150576640
1235666240854806528
1235667679408779267
1235671475128078336
1235675233044107264
1235679262759219200
1235682768308318211
1235686540996730882
1235690300238106626
1235694099551961088
1235697878166695936
1235701734887968774
1235705421589078016
1235709226779111424
1235715906585505792
1235716725083197441
1235719256878145537
1235721791080931329
1235724325950496768
1235728074743795713
1235731904193867776
1235735611362942976
1235739399612137472
1235743180592680961
1235746971668733952
1235750708986736642
1235754496086728704
1235758285845917697
1235762091010805761
1235765825338068993
1235769613377552385
1235773367795544065
1235777177599332353
1235780911226130435
1235784692026281986
1235788473166180354
1235799807047938048
1235807360989294593
1235814904344408066
1235822453500198914
1235826221646098433
1235830000642744320
1235833769585598464
1235837565963386881
1235841332741959681
1235845094135103488
1235852680758579200
1235860201133068288
1235863966888235025
1235867783465852929
1235871515196841984
1235875299314642944
1235879061681065984
1235883281993916416
1235886611742838784
1235890408225456129
1235892777256456192
1235894159292198912
1235897921628823552
1235901729146834945
1235905496856608769
1235909262112587777
1235913048470228993
1235916815601106948
1235920881198784512
1235924369953697798
1235926093674303489
1235928170924322816
1235930382261944321
1235931916374859776
1235935724626681857
1235937409357017094
1235937681856749569
1235939468537933824
1235943263045070848
1235947007283519490
1235950826469851138
1235954558872010752
1235958368445108224
1235962104617844739
1235965907287052288
1235969661826719745
1235973451082588160
1235975932239736833
1235980987424739334
1235984756703100929
1235988566079082496
1235992309650636800
1235996086260690944
1235999871292846080
1236003618177912832
1236007431634853889
1236011201559244800
1236014959970172930
1236018761469227010
1236022499059601408
1236026263808004096
1236030053525446657
1236033828331892736
1236034402695745543
1236037604153405441
1236041420005347328
1236045151883100161
1236045637164118019
1236048990275276802
1236050393681051656
1236052721523884032
1236056490731081735
1236059148942442497
1236060247988621315
1236064025772949516
1236066558142791681
1236071598337273856
1236075375027007488
1236079114194497538
1236082908173086722
1236086688813809665
1236090444246892545
1236094291245703169
1236096749665767426
1236099070357368832
1236099256257327104
1236101768775438336
1236105559272828930
1236109385384054785
1236113104376868864
1236116876318724096
1236120658591047682
1236124469690863616
1236128209634242560
1236132004053295104
1236135750472777728
1236139538197733376
1236143302367490048
1236144047082921984
1236147075290738689
1236150843180830722
1236155347817070592
1236158402776137728
1236162199548301317
1236165967392186368
1236169746657300480
1236173503830900736
1236177295032946688
1236184856574472193
1236192381239726080
1236196598490816512
1236199957549457408
1236203697677512704
1236207496957698049
1236215054137245696
1236224204594348032
1236230838918033408
1236237697464840192
1236245222646050820
1236253566635048960
1236265634905948160
1236270463531302913
1236275420548530176
1236282996577185792
1236291068091662336
1236295564016398337
1236300587890868225
1236305661266472961
1236309398647197696
1236313183691968517
1236316130433798144
1236320713226715138
1236324502516236288
1236328305508433921
1236332056910626816
1236335944120369154
1236339603335974912
1236343391069356032
1236347128105979907
1236350980670849029
1236354700171149314
1236358718943645696
1236366079561273344
1236371386559541249
1236373552397307911
1236377327241658370
1236381134117888010
1236384899097079808
1236388674008424448
1236393009773793285
1236396273730756608
1236399996691451906
1236403770960957440
1236407536263344131
1236411350517153798
1236415110895321088
1236418894497288196
1236422646197366784
1236426426842329088
1236433969069150209
1236436491301240834
1236441512571002880
1236445284974112772
1236449092575858688
1236456665911906304
1236464191063633922
1236471762520551425
1236479270278639617
1236483031168409602
1236486850975617024
1236494367113781248
1236501977951088640
1236509461612822529
1236517028657332224
1236532127325474816
1236547227939672069
1236562312040984577
1236577427108835328
1236584994031665153
1236592554449276928
1236596292647825408
1236600057224400896
1236603842952925184
1236608294615121921
1236611389810147329
1236615172661395456
1236618946507407360
1236622716477767680
1236626494690115584
1236630263062581252
1236636819170754561
1236639832996265985
1236644598312767488
1236654336467492864
1236661817134526464
1236668047991201793
1236675604784783362
1236683249226846208
1236690693860536322
1236694417001582592
1236698262440157185
1236704996558856194
1236713372344889344
1236720108606808064
1236728441367678976
1236735990120755244
1236743773511651332
1236751075530735617
1236758616058839040
1236766139671347201
1236766165663449098
1236773738965860353
1236775480990236672
1236781272430673922
1236788817975283715
1236792592110686209
1236796381932781569
1236800124954857472
1236803912449089537
1236807671195537408
1236811475269881857
1236819039772606465
1236822774636859394
1236826580661477377
1236834112356433922
1236841641216000001
1236849222168739841
1236856756141252608
1236864347474984960
1236871865836220417
1236879441806188546
1236886939489492993
1236894529002840064
1236902064845922304
1236909619374698496
1236917166492049408
1236924712602808320
1236930941660119041
1236936035889799168
1236939848927391744
1236943577999163392
1236947377208074241
1236951112864989184
1236954904620683265
1236959400490864641
1236962442917351426
1236966228880654337
1236970459306045440
1236973777390624768
1236977586099630080
1236981328576380929
1236985084470845441
1236988890587762688
1236992644426989568
1236996025593794560
1236997394790842368
1237001252120268803
1237002555105767425
1237006958701543424
1237009124694556672
1237009567948713984
1237011530228666368
1237012630222647299
1237019070899408897
1237022862441152513
1237026630838747136
1237028973265260544
1237030423697526787
1237034161472446466
1237037964292751362
1237041730454683651
1237045481072504833
1237049283578343424
1237050567060598786
1237056826618904577
1237060631536316417
1237064381323776001
1237068163831009280
1237071922908839937
1237075704447143937
1237077456152080384
1237079475688558593
1237083266575937536
1237084235254685696
1237085771254956033
1237087031697846272
1237090281637523456
1237092562097319936
1237094570829250565
1237098327964958720
1237102127853580291
1237105889745698819
1237107329402888192
1237109676153753602
1237113470715379713
1237114317243330560
1237117230472667148
1237121056902656001
1237122746485743619
1237124774083657730
1237128552228806660
1237132330835345408
1237136147798777856
1237139861796204545
1237143670534672385
1237147424294043648
1237148659738910720
1237151202216939520
1237154951140380677
1237156605915004930
1237158747165863936
1237162529467633665
1237166301405229057
1237170072982106112
1237173862615396352
1237177613875118083
1237181404196323329
1237185173634125830
1237188951460450305
1237192716443955200
1237196552927657984
1237200266597990400
1237204039215067152
1237211621094764546
1237216634261168129
1237221664439574528
1237226716726202369
1237230872191000576
1237231727409614848
1237236763300691968
1237241830741291008
1237249329129312261
1237256913261297664
1237264459166515202
1237271999040405504
1237279550045814784
1237287116939427843
1237294655819206661
1237298417774276614
1237302199845376000
1237309768236179456
1237313508783644672
1237317568991571968
1237321062263578624
1237324846629093377
1237329356520898560
1237332407830884356
1237336165495308294
1237339960493117440
1237343714428796928
1237347469761163265
1237351271352406016
1237351273587933186
1237355038303019008
1237358808843923462
1237362611810959362
1237363972510187520
1237367519029190656
1237370800153526273
1237375629395460097
1237379903361859585
1237381976216211456
1237384981745369090
1237388767981211652
1237394190100643846
1237396568476651527
1237402342921777152
1237404607460126720
1237407870783590402
1237411411040579585
1237414683537276928
1237419913217822720
1237423005803954180
1237426777741504512
1237430787357769734
1237434316180815872
1237438121282854914
1237442920195727361
1237445648955379714
1237450922680373250
1237457208021049348
1237460716766068743
1237464511361232902
1237468267008188416
1237469543003492352
1237475862494265346
1237477714812076033
1237479606015463424
1237483393316724736
1237487167561183232
1237490969953566720
1237494720777125890
1237498547232223232
1237502276585086981
1237506044273864705
1237509809928208384
1237513564400816128
1237513590082428929
1237516456209702912
1237517325772959744
1237521133907263488
1237524925750992896
1237528757193175040
1237529938275663872
1237536254817792000
1237540013048356864
1237543809229008897
1237545772201037833
1237547723567427584
1237551341720834048
1237553344618491906
1237555124358090752
1237557183425867777
1237558913853059074
1237561323023548416
1237566433485176833
1237570198602833920
1237573974533390337
1237577752334594048
1237580583871459328
1237581532648230913
1237585426061225989
1237587812477628417
1237595103201357825
1237601097826484225
1237604213980401666
1237611744605814784
1237619279593377792
1237626843152494594
1237634393822367744
1237638151637737472
1237641950800629760
1237643963626147842
1237649474299854848
1237657043244322816
1237664618027405314
1237668363788333057
1237672127173664768
1237675907378294784
1237679681559724033
1237683956436344832
1237687245118803968
1237692097798561792
1237694837681541120
1237698980533936131
1237702348237086720
1237705584788602880
1237712389711298560
1237714498426986496
1237715658927939584
1237719255761784834
1237720947941089282
1237721213897773059
1237724819233353729
1237728756804042752
1237731811251359745
1237734151178072064
1237735533041811460
1237739327263817729
1237743857707765761
1237747657453506561
1237755209151102977
1237756747802173441
1237758956744966146
1237762737310248961
1237770260142579713
1237774064120446980
1237777832614469638
1237779594687717376
1237785399029792769
1237785762533441536
1237789157444984832
1237792904632025090
1237796689932681218
1237800500260724736
1237804265609080832
1237806500271345666
1237811558262157320
1237815608491851776
1237819352419831808
1237823104942051328
1237824410385551361
1237826908819197952
1237829961425342466
1237831317988966401
1237836612907732995
1237838261822898177
1237842011203354625
1237845807568543745
1237845858848104449
1237849552687730688
1237853351225655298
1237855855791362052
1237858340044079105
1237860929552830467
1237864658310033412
1237868921975267328
1237869975039291392
1237872213656653824
1237873907102650372
1237875955667841025
1237879733385187329
1237881007665102853
1237883535517609991
1237888561879207936
1237889451302371331
1237891051286859776
1237894846796292097
1237898619300298752
1237902413681569793
1237906192560803840
1237909930792935424
1237909943078060032
1237913756719616004
1237917503667556353
1237921317715955713
1237922376274399233
1237925042551500800
1237928816342904839
1237932598300758016
1237934295613931525
1237938721900711936
1237943927614795781
1237947710696718337
1237951495502512128
1237956495750332417
1237961533130452994
1237966595760234496
1237974138754682880
1237977891465461760
1237981687260340225
1237989229088706560
1237996795403415552
1238004330470531072
1238011890133020672
1238015638771314688
1238019674933207040
1238026976235003904
1238030735451226112
1238034531791355906
1238038282111528960
1238045840234643456
1238049628395917314
1238053406394273792
1238057147533012992
1238060929583112192
1238064719266746368
1238068487429513218
1238072309593841666
1238076053475725313
1238083593508925440
1238087308307505154
1238088622831808514
1238089370881720324
1238091120162361346
1238093660408950784
1238095636727312384
1238098700150415360
1238102492178776064
1238106243228631047
1238110078055657474
1238113803843313665
1238117616100806658
1238121329536180229
1238125128191541248
1238128879883223043
1238132645399269376
1238136438018977793
1238140245624918016
1238143993508225026
1238147840435773440
1238150572441833474
1238151808045977602
1238153432587997184
1238157253741629440
1238159067459149824
1238162868555694096
1238166756465807366
1238170421444386817
1238173412348112896
1238174028503932928
1238178004897083392
1238182535261282304
1238184774163927045
1238189266582339585
1238190547464073221
1238193880912113674
1238196833006084096
1238200652058279937
1238204410204995585
1238206223096430612
1238208193299431450
1238211957301403649
1238215702877782018
1238218207170711552
1238220743525249026
1238223261986684929
1238227045026496515
1238230838883614724
1238238950029918208
1238242139236110336
1238245889875030016
1238248428041363458
1238250953251475456
1238253469703774208
1238255972520517634
1238258511181746177
1238261027487318017
1238263531650383872
1238266032244117507
1238268588085182464
1238272336828170243
1238276110904889344
1238279878878924801
1238283706885902338
1238287441334804485
1238291216690708480
1238294010642472961
1238298755604021249
1238302523183824897
1238306300750168065
1238310082041073664
1238313885628760064
1238317632794898433
1238321422935773184
1238325190867800067
1238328973462994945
1238336512347029504
1238344072731004929
1238351611677872129
1238359162347814912
1238366703471546368
1238372997951561729
1238374272046903297
1238381807437037568
1238389393792040960
1238396899104874504
1238400683956744192
1238406152997736450
1238409379948486657
1238412024088068097
1238415796772143104
1238419577152962560
1238423325178765321
1238427105626656768
1238431014084653058
1238434666199298049
1238438435037290497
1238442198846373889
1238445995068964866
1238449805657018369
1238450936063950849
1238453524486332416
1238455281551630338
1238457307245281281
1238458241765584896
1238461599020695553
1238464920301309955
1238468616124841985
1238469503169814529
1238472437337075712
1238476176286519297
1238479970994991104
1238483736490119168
1238483753728606219
1238487525846667265
1238493647328415748
1238495035487858690
1238496309188931584
1238498833744703488
1238502661844066311
1238504354287628288
1238506208144875520
1238511629450477568
1238513399555858436
1238518070068609026
1238521491815309314
1238525231431430146
1238529027197075457
1238531294956486658
1238532785993928711
1238535090382266368
1238536577934077959
1238540300529827840
1238544136531214337
1238550229219184646
1238554743116640257
1238556935844216833
1238563017127755777
1238566753778544642
1238570557555294208
1238574316792446987
1238578122020335620
1238579871883894791
1238581862169264129
1238585668173025287
1238589403116834827
1238591410535911424
1238593211146395649
1238596506971766784
1238596968496214017
1238600728769413125
1238602545871847426
1238604519791120384
1238608310179414016
1238612072176537601
1238615867388301312
1238619626776530945
1238623411825410048
1238627161860460545
1238630988713988096
1238634736995663873
1238638512997613568
1238646047523713027
1238651081045008384
1238656122594222082
1238661150763606018
1238664924345315340
1238676246193725440
1238681281636040705
1238686310522671104
1238691367922122752
1238693097523077120
1238698905942007808
1238706461712285697
1238710220668444672
1238714007927865346
1238717775365001216
1238721578155859969
1238729104645644288
1238736668942893056
1238738745400143872
1238744189132775424
1238751766314921986
1238759313939861504
1238766885346455552
1238774414700929025
1238781965630943232
1238789494297497601
1238797085882880002
1238804610699182081
1238815924540583939
1238819692942426112
1238823212928163841
1238827264411910144
1238831019484160002
1238834780420083712
1238838565313941504
1238842379727142917
1238846205754515457
1238849881910935555
1238853907465601025
1238857442030747651
1238861453718958081
1238864992428068867
1238868743759040515
1238872543592939521
1238877568952086529
1238880088940335107
1238884119398014976
1238887708983996416
1238891414840324101
1238895167739793408
1238898952369573889
1238902723560472578
1238906262512963589
1238910291888541707
1238913793352228872
1238917880097497093
1238921597630775297
1238925125359226881
1238929166503940097
1238932962890190848
1238936701684387849
1238940513459453952
1238944259782443016
1238948113425018881
1238951809726779392
1238955598873604102
1238959355510300675
1238963167453237248
1238965664041308161
1238968182112694273
1238970688574304258
1238972291079430145
1238974453125730305
1238978296492314624
1238982264438099973
1238985788274155520
1238989553433796611
1238993374364995584
1239001125304631296
1239008448680996865
1239011232180559879
1239015989825716226
1239023540441055232
1239031077852807170
1239038650773536768
1239053745801084928
1239068847895990274
1239083948975828994
1239099026483621888
1239106589153468417
1239114162913116160
1239121679181365249
1239125464142286854
1239129255809888259
1239132995589681153
1239144362245869568
1239148097399328768
1239151872491085825
1239155650539794433
1239159452944793600
1239166979224883203
1239173760604913664
1239178561992495105
1239182082347339778
1239190079903539200
1239197186233163776
1239201033794080770
1239203956393414656
1239211514801926144
1239219061084610562
1239227396571770881
1239230651896926208
1239231131519578112
1239235645547122688
1239242501933989889
1239249280168275970
1239257556071186439
1239266118923169792
1239272693821833217
1239276827157331976
1239279713589182465
1239284491509776385
1239287792657719297
1239291547373445123
1239295880857030657
1239298086763147265
1239300352547139585
1239302674731933697
1239305400517869569
1239307916060082177
1239310499369627653
1239312937967329281
1239314790289412098
1239315453002088448
1239317967990652928
1239320490055028737
1239323007396581378
1239325564613378049
1239329298982502405
1239333080889987074
1239336844657152001
1239340626531008512
1239347415246921735
1239348190429790208
1239352612383850501
1239358966439829504
1239360610443370504
1239369087760969729
1239373458187919360
1239375848379219968
1239379531837947905
1239382137884880896
1239385929799909378
1239389685727854593
1239393480889323523
1239397241938497536
1239404790439972865
1239408569130287105
1239412345509732352
1239416147352657920
1239419892589375488
1239423672965791744
1239427445138259968
1239431230778757121
1239434982432690176
1239438769335472128
1239442544293019649
1239446341320937472
1239450092219912193
1239453882343985153
1239457641082114049
1239461436948189184
1239465197762461696
1239468971805626369
1239472731495845888
1239476518801289217
1239480310292721668
1239484081848700928
1239487833385185281
1239491958223052800
1239493487235674113
1239499182626541575
1239502936973234177
1239507432994471936
1239511005207674880
1239515331292528640
1239517491854016514
1239522437060005888
1239526092702134273
1239528609347514368
1239532636412002304
1239534848089436160
1239536672179728384
1239540695586820098
1239545778194046977
1239546496082681858
1239549203518566405
1239551771338592258
1239555789897043969
1239557157974048772
1239559579912089602
1239563351182671872
1239567122025644034
1239570888674156544
1239574664487342086
1239577146709983235
1239578446419935233
1239582196341637120
1239585994011222017
1239589796105924609
1239593537429266432
1239597344615784450
1239601030750404613
1239604870870695937
1239608652950102018
1239612429878923266
1239615166423203844
1239617678584754184
1239621204987830277
1239623759482556417
1239627574910816259
1239631305496764416
1239635043422629888
1239639551246770177
1239640216073363460
1239643292251422722
1239646153311948800
1239647655304798211
1239650143332376576
1239653952972566530
1239657741016272896
1239661497258737666
1239665265195061250
1239669041163382784
1239670412134486016
1239672844478484480
1239676592097558530
1239680389192581121
1239682892248371204
1239685390346457093
1239687891229577216
1239691686319722497
1239695480461950980
1239699240357638144
1239703037826019330
1239706780231520257
1239710592988057600
1239714330779758597
1239718133079986177
1239721884108890112
1239725685037506561
1239729437895245824
1239733241134952448
1239736987583688704
1239740764982259712
1239744534097133570
1239748328121937920
1239752090353885184
1239755876082253826
1239759628357054465
1239763433823907843
1239768439675334657
1239773478070423552
1239775226688352256
1239778530843648002
1239783543976472576
1239788575656378368
1239793656468582400
1239801174162845698
1239808733909331968
1239816270259916800
1239823837933559808
1239831365731975169
1239837122414235648
1239840166740713474
1239842683734106113
1239846489297485824
1239850233795919873
1239854017762779139
1239857785837363202
1239861564183851008
1239865332078186496
1239869249436487680
1239872884753010688
1239876653884506114
1239880010342809603
1239884232543043589
1239887990199107586
1239892060997550080
1239895215303004161
1239896798296145923
1239899297749008384
1239900368273883136
1239903093308997633
1239906902047424512
1239908054377934848
1239910625612107781
1239912146840027137
1239914461026308096
1239918188634177538
1239921979018416132
1239925730483613698
1239929109473525760
1239933277890318346
1239937063245488132
1239939922821361666
1239940841944334337
1239944586144952320
1239948377254658049
1239951321647767552
1239952184961368064
1239955952842965002
1239959744577564672
1239962558234120201
1239967516333461504
1239971006883811330
1239974824518148097
1239978818510741510
1239982377771941893
1239983624151236609
1239986386649985031
1239989919260594178
1239992410681356289
1239997432290656257
1240001222935019520
1240004189109063680
1240005655047688195
1240008785235775488
1240012559106924548
1240016312853823489
1240018042882490369
1240020137861951490
1240023837145731072
1240025135282827265
1240027665186291714
1240031425308614662
1240035200534446083
1240038985055055872
1240039863396765697
1240041813240676354
1240044017083170816
1240046538509946881
1240050281653530624
1240054078056644613
1240057878502944774
1240061624016408577
1240065401339490304
1240065953297244162
1240069162359283712
1240072948729479171
1240073875146379264
1240076722969677825
1240080504126398464
1240083389002190850
1240084276302970882
1240088076422086656
1240091813081481218
1240095589985136645
1240099362279211010
1240103166877859845
1240106921631322112
1240110725521170436
1240114488730365952
1240114929568546817
1240118250366816256
1240122031930310661
1240125800164265988
1240130834218258433
1240135868050026496
1240140918348447750
1240148453159849988
1240152227949563905
1240156013967413255
1240163561403449344
1240171108910931968
1240178652240846849
1240186216496222211
1240193761440862216
1240201319081787392
1240207354622246913
1240208867465867264
1240212616938762240
1240216419758940162
1240220179965120517
1240223963378262016
1240227715367788546
1240231474793717761
1240235256072024064
1240239061660577793
1240242818574139393
1240247584125526016
1240250378614169600
1240254411722706946
1240257907834466305
1240261859367964678
1240264962918023170
1240269628569464837
1240269953313452033
1240273524792623106
1240276348654026752
1240277829016829953
1240281283315539969
1240284165549043712
1240287610314141699
1240290872765399041
1240295681849524227
1240299292071546880
1240300878436995072
1240302998158544898
1240306059178389510
1240308957903806465
1240310238156402688
1240313116589768706
1240318341706850306
1240321675377467401
1240323608490266625
1240325873435324417
1240329649978302469
1240330888103309317
1240333394900168704
1240337406668279811
1240340987320381440
1240344748520546308
1240346451953291264
1240348516649754626
1240352331700547585
1240356073984360449
1240359819174752256
1240363611136184320
1240368259905576961
1240371160380030976
1240371233851654145
1240375192473477132
1240378714346655750
1240382467929862145
1240386253805232129
1240389394357518336
1240392563510644737
1240395072409161728
1240397645337804800
1240398825925337089
1240400100503048192
1240402622311542784
1240405158129020930
1240407649516208129
1240410186545840128
1240415295254208512
1240416484851146752
1240417729410203654
1240420254788063233
1240424024955588611
1240427816132513800
1240431566465220608
1240438108086296576
1240442901471133699
1240446900710621185
1240450429085011968
1240454208635187200
1240458023442800645
1240465543804657664
1240469309568299008
1240473128767303683
1240480651108847616
1240482341690257409
1240484417623199744
1240488242908143617
1240495742835470338
1240499510226440192
1240503310370648065
1240507069284913152
1240510837036593158
1240514600459808770
1240518396971814913
1240522154141245440
1240525947796848641
1240529706136543233
1240533498932445186
1240537253144866817
1240541055663181825
1240544802871169024
1240548605813014538
1240552362797924353
1240556136023166976
1240559914067595264
1240563710554505216
1240567482743689216
1240571251309129728
1240574998575751171
1240578791619072002
1240582555340083201
1240586334135357441
1240590108971151360
1240594137423937537
1240596389068967939
1240601465443553280
1240605203176488960
1240612763334033409
1240613923424002048
1240616573817237507
1240619043557707776
1240620292210413569
1240624061681721350
1240627855907794946
1240631626951995392
1240633027744718850
1240635417784877059
1240638972327583744
1240642538693894150
1240645973816328192
1240648492697206785
1240650993148321792
1240655004362575873
1240657051426140161
1240659560374951936
1240661628850442241
1240664589307711490
1240667116262641665
1240669106761871361
1240672145258184706
1240674665493868544
1240677197964365825
1240679693646471170
1240681803347890183
1240684532573110274
1240688253927174149
1240690766961201152
1240691599773822981
1240699559828836352
1240702103653208066
1240704619287695361
1240707138512736256
1240710918394138629
1240714688587091968
1240718461925388288
1240719536040620035
1240722208499970049
1240725996694798343
1240726747424927745
1240730948838330368
1240733531262742528
1240737333613400069
1240741112790298647
1240744898497785863
1240748662554271744
1240752434529603586
1240756192944717824
1240760001838415873
1240762504671825926
1240765002665070593
1240767550293716995
1240769251167911936
1240770059401904128
1240772563514601475
1240774354859962369
1240775058148274177
1240777587145785344
1240778186352443393
1240780124712251394
1240782640581611526
1240785153615712258
1240787655320842244
1240790190593097730
1240792686006845445
1240795218645041152
1240797776495198208
1240800244625014790
1240802767712727047
1240805288623648770
1240807788525301760
1240810309805367296
1240812817726480386
1240816600430907392
1240820316114485250
1240824139415539717
1240825659125047302
1240827938980925443
1240831707923832832
1240835481358741506
1240839251262156805
1240843044867444737
1240846800728309761
1240850585458524163
1240858132068392961
1240865709586108416
1240873233949380608
1240875742659055624
1240877005975027712
1240880762293010432
1240884549741088769
1240888337919025152
1240895885548060673
1240903423958167552
1240910964549181441
1240918526107553792
1240926102488518656
1240933638939738113
1240937391600340993
1240942550430765056
1240944945931923459
1240948728485339138
1240956280421978113
1240961138214473728
1240963790117711872
1240967604765933569
1240970557367234560
1240971379245297664
1240972771053707264
1240975152650780673
1240978921375567875
1240982697230598144
1240986449555722241
1240987736124915713
1240990239910477827
1240992101535559681
1240994029782872065
1240994732555280384
1240997804698472451
1241001618159677446
1241005336896684038
1241006699500253185
1241009131600961537
1241012897008025600
1241016688272949249
1241020441789108229
1241024242226999296
1241025976819212289
1241027982929670144
1241031746784841728
1241035548661370880
1241039340647723013
1241041169733337089
1241043108990771204
1241044845445120005
1241046936003756034
1241050066217062402
1241054418419748866
1241058206098604032
1241061985195884546
1241065745452277761
1241068236831166467
1241072044462268417
1241073293714743300
1241077102797041666
1241080840978866178
1241085425000775683
1241089761655361540
1241092759693537281
1241095919753408514
1241099727229370368
1241103469022502913
1241107271796613121
1241111023421186048
1241114849947648000
1241115988990611456
1241118591480709121
1241122434817953792
1241123797383680000
1241126149700423680
1241129544561680384
1241129936859127809
1241133704564662272
1241137445082517505
1241139762855100418
1241145039197220869
1241148786090610696
1241152613426638854
1241156340258680832
1241160115560108035
1241163891956224000
1241167677223288835
1241175225515024387
1241182773915914240
1241190312741126144
1241201647554043904
1241205431000870918
1241212972116201472
1241216725825327104
1241220527911587840
1241224287832412166
1241228092833779713
1241235629528285185
1241243164465410048
1241246923018973184
1241250695791218689
1241258279378051072
1241265817796448256
1241273676768653312
1241278400762916864
1241283419025309697
1241288494766587904
1241296010778984449
1241299770766999557
1241303548865978368
1241311362091008001
1241318684049768450
1241327317135372288
1241337544744329217
1241341528406188034
1241348856266272771
1241352621446909952
1241356412757958656
1241360178924134401
1241363990678290433
1241367735088623617
1241371499686223873
1241375274899591168
1241379067296985088
1241382826081214464
1241384083596476416
1241386619309039618
1241390136820207617
1241394184986284032
1241397675095982080
1241401736570572802
1241405459157921792
1241405481664610312
1241409280571576321
1241413035618680832
1241416831874678785
1241420588268302337
1241424340320747522
1241428121322164224
1241431883386212352
1241431907885371393
1241435683140653056
1241440679752056834
1241447036429484032
1241451036063281157
1241454574973657089
1241462116206497792
1241465884767670274
1241469653517549568
1241473417825714180
1241477200894996485
1241480966654382083
1241484790479626241
1241488523536056320
1241492312531894272
1241499920001105922
1241504895691378691
1241509926029209601
1241513999696625664
1241518723154022402
1241522496244977664
1241530041806344195
1241537605751234560
1241545186385317900
1241552694860546049
1241560253461913607
1241567806539390982
1241575344001425409
1241582908504244225
1241590479646490624
1241605548837146624
1241620646586658816
1241635756789153793
1241643303415799813
1241650877120856064
1241654622630133760
1241658413307789313
1241662169986535424
1241665934605062144
1241669724527869960
1241673493433012224
1241677429309149184
1241681070812168194
1241684835380445189
1241688607351549952
1241692378181877760
1241696163373428737
1241699922476400643
1241703439207403521
1241707218388627456
1241710503216414720
1241718798857707520
1241725584776007680
1241729622443806721
1241733129875992576
1241737167266820097
1241740682693357571
1241746773934292995
1241751753894301696
1241755792338010118
1241759723030003714
1241764134242398208
1241767846599778304
1241767854329999362
1241770893900156928
1241775160727928834
1241779946357493760
1241782703684497408
1241786028433817605
1241790256745250821
1241790772598448129
1241794271080058881
1241802884674662402
1241806118403407873
1241809415054987264
1241813415489875974
1241817203147706371
1241820704477233155
1241824512360022016
1241828258401918976
1241832033258811395
1241839598793302016
1241843364657577984
1241847209810890754
1241850906297208832
1241854687583887361
1241858462398779394
1241859673692737536
1241862272550670337
1241866018055696384
1241869799506018306
1241873569094807554
1241877392261632000
1241881097497194498
1241884915957936133
1241888649572163586
1241892492942999554
1241896211705212937
1241900012059201536
1241903767198580743
1241907563001712641
1241915106910449666
1241918858446995456
1241922671966814208
1241930195206094848
1241937631631626243
1241941499027304449
1241945280356012032
1241949075508989955
1241952870997655552
1241960374368419840
1241967938242043904
1241975493345316865
1241981219946016770
1241983034276098052
1241990588259536897
1241998149356527617
1242005695068864513
1242013268052410368
1242017005747798016
1242020781787418625
1242024564143665152
1242028379521630208
1242032114893193216
1242035898277134337
1242039649868095488
1242043504622256130
1242047212890271745
1242050985549336578
1242054769667182594
1242059335578144768
1242062580069412874
1242067581768552449
1242069861876092930
1242072727839821824
1242074908714315776
1242077154281734144
1242082350512640002
1242084961198510081
1242088761930010624
1242092498987687944
1242096301229121543
1242100057840762880
1242102267156758548
1242103879925477376
1242107609055985666
1242111390531424256
1242115153358925826
1242118911190949888
1242122722962026497
1242126524020674561
1242130250714230784
1242134095758589957
1242137802470457349
1242141587427282945
1242149166815555586
1242152883711164417
1242154657146908672
1242155672365674498
1242156720182476802
1242158447577255937
1242160470892646402
1242164248186441728
1242168004105965570
1242171758167371778
1242175555962839041
1242179356384022534
1242181015403184130
1242183111863042048
1242186899177029632
1242189392648835073
1242191905187913729
1242194525931679745
1242196567924387840
1242198202406842369
1242200224610869253
1242202022922915842
1242205763709345797
1242209620740968453
1242212624756019200
1242213310172467200
1242217110413115395
1242220843662553094
1242222593144487942
1242224640266731521
1242228403408908288
1242232190479581184
1242235961322483712
1242239765174464513
1242243512776691713
1242247294654787585
1242251034635972609
1242254908449046531
1242265008484093952
1242269960187019269
1242277481454977024
1242285029708922883
1242292592601190403
1242296344913612801
1242300119028060163
1242307680036958208
1242315231730122754
1242322783985635329
1242330340817076228
1242337898940248065
1242345456295972864
1242352976355885056
1242360524987412481
1242368077645459462
1242375627291922434
1242379405349072896
1242384168673214465
1242390730284453888
1242395070336307200
1242398280325177346
1242402048227885057
1242406851939090433
1242409592480567296
1242413387864322049
1242417146392653824
1242420924781125633
1242424707284164608
1242427492541050883
1242431218542575616
1242432244867883008
1242436033561665538
1242438469567295489
1242439804173852674
1242443593870127107
1242447339685634048
1242451136000544768
1242454900656701440
1242459230361341955
1242462438966079488
1242466826333741059
1242470016290893825
1242473010927468544
1242477045688545282
1242479366296285184
1242481299228471298
1242484379089338370
1242486598819856384
1242489130380136448
1242491636569067522
1242494161271558145
1242496421896630273
1242500194853441538
1242503969064321025
1242507739387113474
1242509389665312768
1242511549505339392
1242515296725975041
1242519077660299267
1242522847140024322
1242526660139851777
1242530382081396744
1242534146963951616
1242537948211564552
1242541695960580096
1242544103503601666
1242545490962636806
1242549298224644096
1242553040646922242
1242556884017721349
1242560594571649025
1242564382791524352
1242568144817971203
1242571934392619008
1242575695261380608
1242580333738037249
1242583232387977219
1242586994263408640
1242590785574494209
1242593264185888768
1242595073851867139
1242598329621590017
1242600108774117377
1242602141992312837
1242605897735700483
1242609162514817026
1242613449349267456
1242617236357079041
1242620997603414019
1242624762012147713
1242628543848341506
1242632363772870659
1242636079938842629
1242639870159466502
1242643634937364486
1242647431579414530
1242651174798532608
1242654969309859840
1242658737460072450
1242662545640611841
1242666280127205376
1242670053293797378
1242673834597191680
1242677624910032897
1242685154100985856
1242692733405446144
1242692877513306112
1242700271484112897
1242707832354607105
1242715382949072896
1242722945140752384
1242730480786714631
1242738055624232961
1242741782045233152
1242745568520257536
1242749331742097408
1242753151935053826
1242755084376735744
1242756890842595328
1242760683697160193
1242764493358346240
1242768203270553602
1242771993952497664
1242775771128778752
1242779537009770497
1242785027324289024
1242787103068561408
1242790911496552448
1242794638592946177
1242798405119815680
1242803246302887941
1242805315822931971
1242809742067666946
1242813541826080768
1242817314275426310
1242821329868464130
1242822823036493824
1242824840282865665
1242828621653381121
1242833634228424704
1242836424258355200
1242839923906039808
1242843691384999939
1242847480712253441
1242851265907957767
1242855037413490689
1242858827751600135
1242860728345923584
1242862614566375426
1242864089824735236
1242866349002686467
1242867345527201792
1242870143409061888
1242873936171409416
1242877937944350720
1242881485788585985
1242885245583667206
1242889513531322373
1242892799030308869
1242896534167003138
1242900340145565698
1242903201248133122
1242905498808193026
1242907897895493638
1242911649868242950
1242915441414148100
1242919232255537152
1242921726633222144
1242926777007308802
1242930512617930753
1242934333234700288
1242938086398537729
1242941869748781059
1242945641782956034
1242953175763689475
1242956975098429445
1242960189055213574
1242964558102355968
1242968016536690688
1242972061636665345
1242975816419598336
1242979626856714241
1242984627486240769
1242989652254035976
1242994693778145282
1243002242476716032
1243009846078771200
1243013585045016576
1243017381888364545
1243022917451071489
1243024948291141633
1243032443403337728
1243036232927580160
1243040003078356992
1243047558936748032
1243055103306797056
1243062655507668992
1243070210300620803
1243077742909968384
1243085337192251392
1243092868329287680
1243100421448663041
1243104190832001024
1243107942859243520
1243111710904528896
1243115522721488898
1243119281421856768
1243123048150118400
1243126826198806528
1243130577487888390
1243134357910499329
1243138149079023617
1243141921507328000
1243145675757334529
1243145706711519235
1243149472303124480
1243154215075303425
1243157016291524615
1243160835456983040
1243163511976595463
1243164851310034946
1243168029560705024
1243172134458929156
1243175908535566336
1243179685904879623
1243183449588076546
1243187225686421504
1243191044872843264
1243194791539675137
1243198570343399426
1243201060321349632
1243206075244892161
1243209878103044098
1243213651986833409
1243217415930077185
1243221221682155520
1243225659318697984
1243232004495355908
1243234429994237952
1243236318081159169
1243240079247753216
1243243839265165312
1243248898698854400
1243250395662692357
1243255193308889090
1243259427345620993
1243262732444536832
1243266490494783496
1243267094852055041
1243270274063237123
1243274037184335884
1243277834283552776
1243281221750272001
1243285368214032384
1243286604384473090
1243288767894556675
1243292909660758016
1243297166250192896
1243300465577771009
1243304271992545281
1243306832233484290
1243308033553416194
1243309214900109312
1243311772477665281
1243314299780632578
1243316825502384136
1243319363639394308
1243321867173314561
1243324379532087296
1243326896034795521
1243329404408905729
1243331921456910336
1243334475683151874
1243336972669800448
1243339478430896130
1243342024255864832
1243345764316860417
1243349546236891139
1243353312470204416
1243357104737406978
1243360857465081856
1243364637338292226
1243368400019173376
1243372223714471937
1243375968779227136
1243379749403029504
1243383506777989120
1243387311699529733
1243391064599171076
1243394848247312384
1243398624102342656
1243402410585804807
1243406163095375872
1243409943018876929
1243413720060940288
1243417504237490176
1243421253043511297
1243425044937637888
1243428810525224960
1243432592386506755
1243436353100156929
1243440145602404352
1243443911298879489
1243447687908859909
1243451466192470017
1243455233193320450
1243459012550692866
1243462825269485568
1243466572573945857
1243470359174754305
1243477934486294528
1243481915887411201
1243486744533762048
1243489201926156289
1243492991924305920
1243496488686272513
1243500563242893312
1243504308148207616
1243508092421181441
1243509878687227905
1243511858788777985
1243515674967846914
1243519414143782915
1243523337332105216
1243524449116262401
1243526971465830408
1243530738554765312
1243530770494431232
1243534511763263489
1243538313841184770
1243542057362370560
1243545865731674112
1243549607956828162
1243553438295896065
1243557149269209088
1243560943101120516
1243564716531822595
1243568462787538946
1243572264320278529
1243576031916822537
1243577783323897857
1243579810217148422
1243583621539278854
1243587371041460224
1243591219869102085
1243591614158852099
1243594903155851264
1243596661718482955
1243598708131999746
1243602461404823554
1243606276275408896
1243610021285580801
1243613784624766978
1243617582625759232
1243621309671788547
1243625381971836930
1243628864405823489
1243631101282746371
1243632659890405379
1243636716487020545
1243639710746120197
1243643685809651712
1243649016619024384
1243653593305092101
1243655766587949057
1243656831064555522
1243658445804494850
1243659217250246659
1243663158495129602
1243666637636505601
1243670415622516737
1243673271427641352
1243677947464220676
1243681707561234435
1243685495537897481
1243693060028084224
1243700611629101056
1243704395906375680
1243711948287553541
1243719466015490049
1243727048490827776
1243730812668915717
1243734607113138177
1243742125491175425
1243749715197530112
1243753464326492160
1243757239497822208
1243761003889909761
1243764800406138881
1243772316309479430
1243779897568485379
1243795001462665216
1243805830115442689
1243810089720598528
1243818181023719424
1243824793645977601
1243832744075026433
1243840326579769345
1243847832584556544
1243855394629455877
1243862912692871171
1243870473395601408
1243878025785155584
1243885573384949765
1243889340842942467
1243893126529527809
1243900744257933313
1243904447635435520
1243906861574873091
1243908246727000064
1243915773283885056
1243923330895425537
1243930900301258753
1243934639082872832
1243938673856598017
1243942189266276352
1243945793675026435
1243949759079088128
1243953563887439872
1243961134274744320
1243968621052821505
1243972393175068673
1243976226794078209
1243979941097746432
1243983720404717569
1243991269552140288
1243998831894806528
1244006407009165313
1244013951836446723
1244021302958215169
1244025255707975680
1244029044548677633
1244036639682367488
1244040349544337409
1244044123415416832
1244047901443207168
1244051721812402179
1244055445217718273
1244059221920034817
1244066467957616646
1244074324593717248
1244081861250465793
1244089426361438208
1244096971729747978
1244104509951016961
1244112099577561088
1244119352066048001
1244127176150192129
1244130925727944710
1244134725507317760
1244142272171651078
1244157386467794945
1244164926219915264
1244172469516328960
1244180020555321345
1244187588619120643
1244195856510836736
1244199625873121280
1244204170946719744
1244206938256224257
1244210204587307008
1244213984951259142
1244218262755434498
1244221542755643398
1244225310226370561
1244229093429829632
1244232875848929280
1244236142616227840
1244241348095619074
1244244174326595586
1244247992846221312
1244251731363532801
1244255500960534528
1244259299544743937
1244263098858582016
1244266843252183041
1244270619459551239
1244274378034089986
1244278202492768256
1244281931304443904
1244285719314665473
1244291971000172544
1244295419871604736
1244298300964159488
1244301568708616193
1244304596358565888
1244308378173702149
1244312134860898306
1244315932908011521
1244319687468515330
1244323464389033990
1244328685978750976
1244333533193285640
1244338588143271936
1244342339881107456
1244346116528889859
1244349881529049096
1244353703806676992
1244357431418855425
1244361199128641539
1244364977835782144
1244368781822111745
1244372543114534919
1244376298199400448
1244380085920161794
1244383854196076545
1244387634757226496
1244391421211262976
1244392144636387331
1244395185536147457
1244399001186770945
1244406530499280897
1244414118267928577
1244417834832314370
1244421635819671555
1244425384457900034
1244429185864667136
1244432919306940416
1244436718788509696
1244444284935385088
1244451812532510720
1244459396014448640
1244466913918533632
1244474484465205248
1244479503344246784
1244482010002984962
1244489549750943751
1244497093890322434
1244504670770470912
1244512203102969856
1244519759137443842
1244527296813424640
1244534880219914241
1244542395460530176
1244549964115726337
1244553721243152385
1244557517541294081
1244561275918733312
1244565050926477312
1244568835556085760
1244572609657913345
1244576370556051459
1244580127406559232
1244583924694736898
1244587711903776769
1244591454103764992
1244595238494244866
1244599024436613121
1244600702636351490
1244602813247893506
1244606571964960769
1244610330757435403
1244611597726777344
1244614126074298368
1244617911496585218
1244621668187803650
1244625452410560513
1244629219625308167
1244632998059872257
1244636770739855365
1244640574910730241
1244641804642852870
1244644328833769473
1244648120606212098
1244651865540890626
1244655626082492416
1244659430202851328
1244663211380617216
1244666969778987010
1244667362059718659
1244669478702637059
1244672012343291905
1244674534717956096
1244678305237909507
1244682066035343360
1244686061810393091
1244689630257188864
1244693430422421505
1244697179534614528
1244700956018847744
1244704716656979969
1244708473318682624
1244712274054520833
1244715987829751809
1244717016491134977
1244719671145889792
1244723599786881025
1244727357803560965
1244731206111035395
1244734941549731840
1244742475413102594
1244746254313312258
1244750022400499718
1244753801250254853
1244757573724786695
1244761323126259712
1244765115339112448
1244768916066402305
1244772660615274498
1244776506485866504
1244784020245950469
1244791590075478019
1244799130855190529
1244802872908419072
1244806673224675330
1244814212217667584
1244821768562446337
1244825840724123650
1244829299275960322
1244836868056920065
1244844405644804096
1244847962313895936
1244851952388800513
1244855706693533696
1244859497186811905
1244867038197186560
1244874576322007040
1244882179831795712
1244889700462202883
1244897249479589888
1244904804008308736
1244912352304287744
1244919885798440960
1244923655102115840
1244927455544164352
1244931216127729666
1244935221637718016
1244938783130300417
1244942516983644170
1244946320042967041
1244951121170399233
1244953877302120448
1244955836474101760
1244957670307659777
1244961423299657732
1244965175125577728
1244968959700619266
1244972718778392578
1244973991745540096
1244976523872010243
1244978402479804417
1244980288498937858
1244984063565455360
1244987898090446848
1244991616626106369
1244995421438652417
1244999155015192576
1245002966354079745
1245006364042301443
1245010529124601856
1245014273249677313
1245018014321446919
1245021812334919681
1245025638064574465
1245029370026221568
1245033167859433472
1245036907807072268
1245040682118647809
1245044472846716930
1245046161095958529
1245047571674017792
1245048248131293185
1245052001064554498
1245055831118397443
1245059564862615552
1245063389954662401
1245067116505677827
1245070861205303297
1245074680681312257
1245079043046768641
1245079696548794368
1245082233670680578
1245083444188766208
1245086009718702081
1245089770168102914
1245093529044598786
1245097309844713472
1245101092335161345
1245104851631169536
1245108637363834881
1245112424052731911
1245116186171445251
1245119960277495810
1245123709574266885
1245126292963340289
1245127512092483585
1245131315696951296
1245135066122117127
1245138858708217856
1245142630033481731
1245146394375196675
1245150160663044097
1245153943887503366
1245157891230793731
1245165255879163910
1245169027758075904
1245172798693220354
1245176591333851136
1245180351091277830
1245185379814322176
1245191690715107330
1245199227820670976
1245206772425666563
1245210554710573056
1245214345929334794
1245221890811138055
1245229427342159872
1245237005530943493
1245244544331010048
1245252094904406016
1245259637869498368
1245267187125882881
1245274760713506816
1245282286330937344
1245286053877035008
1245289830508040192
1245293599757139969
1245301141505794049
1245304913527267333
1245308691617927169
1245312480139718656
1245316244447932422
1245324808885358592
1245327584050712577
1245331337487290369
1245333764613570562
1245335470386577412
1245338589669580801
1245343370781831168
1245346466983444480
1245350264653086726
1245352857437700099
1245355255367434245
1245360276674949121
1245362817026441217
1245367841735442434
1245372905623556097
1245376653607526402
1245380401876439040
1245384202239053831
1245387965444100098
1245390485621014530
1245392992501932034
1245395528143208449
1245399302161207308
1245405598365220866
1245406845457612806
1245409005251497993
1245410641143312386
1245412665201221634
1245414392847642626
1245418200327770112
1245421948739506176
1245425938801844224
1245429781467889664
1245433250006405120
1245437044609953793
1245440798532882432
1245442396055371777
1245444617165844487
1245448386154766340
1245452157031153670
1245455949080428544
1245459688805871617
1245463502837424130
1245467252499058689
1245471051544514562
1245474791118835713
1245478597047005185
1245482352580669442
1245484861357535232
1245486099020972032
1245489900100689921
1245497432135421952
1245501209814929408
1245504991940489217
1245508823470747649
1245512555310743552
1245516337155379212
1245517873914744832
1245520099387355142
1245523875166904321
1245527638820753408
1245531444723757056
1245535189134118914
1245538976213151744
1245542730727591937
1245546537066921984
1245551550430351360
1245556569791750144
1245561624435535872
1245566642194653185
1245571674109440000
1245575452174864384
1245576707500728323
1245581760772988929
1245591822241427456
1245599362756968454
1245606916690079746
1245614470090518531
1245622022375239686
1245629586559234048
1245637123031486468
1245640891760431110
1245644681406345217
1245648447417380865
1245652227907129349
1245656308050571264
1245659763393740802
1245664162321174528
1245667309462663170
1245671092326486016
1245674842252169216
1245678642686025730
1245682451134984192
1245685983745622056
1245687960374296577
1245690653008433152
1245693745087090689
1245693857058172929
1245697459080306694
1245701294406369280
1245705073289805824
1245708853930536962
1245712673016360961
1245716391573012480
1245720218745417733
1245723937587302402
1245727759365799936
1245731475284275200
1245735303123472386
1245739034548322307
1245742791323299840
1245745463678156801
1245746589894955009
1245750390261514241
1245754133866516488
1245757925156683780
1245761722465628161
1245765437855588355
1245769236053725184
1245773088349962241
1245776798467665920
1245780032578097158
1245784360701304833
1245788134794760193
1245791886293504001
1245795637469331458
1245799440943890438
1245801172058980353
1245803491534176256
1245805703211683840
1245808245085810689
1245810786724970498
1245814552064901120
1245817107436187649
1245818309473382400
1245822097294647296
1245825878283649028
1245829621804867585
1245833501376684033
1245837187670827009
1245840993817169925
1245844743696691201
1245848487691837441
1245852279766319104
1245856050835677186
1245859841169453056
1245861918901858304
1245863385394065409
1245867385287897089
1245871159431688197
1245874924729896962
1245878769719685120
1245882484853784581
1245886270586445828
1245890037864108045
1245893820132319232
1245897564135833600
1245901345426673664
1245905123513163776
1245908912592871424
1245912700128985089
1245916469906432004
1245920244931031044
1245923996450713601
1245929041674113027
1245936578767314944
1245939125913608193
1245946661014327297
1245954217145229312
1245961756670910464
1245969332561158144
1245976863811538944
1245984434379161601
1245991959489130496
1245999527473152000
1246007066638114816
1246011546985271296
1246014596789436416
1246019156820066304
1246024065158123520
1246027173175144449
1246029682820222976
1246029735689359361
1246035004435595264
1246041500665905154
1246044818221998080
1246048577799032832
1246049811670892545
1246053054195150848
1246053729398292480
1246056127541981184
1246059911299170305
1246063660918865923
1246064911500730369
1246067469091065856
1246071238650454016
1246075018162757635
1246077530777542657
1246078769896534017
1246083818395705351
1246087315220582400
1246090149861167105
1246093871970496512
1246097656801361922
1246101429909061639
1246102085428486144
1246105178672992257
1246108976095379456
1246112796716171265
1246115770284806148
1246116542720479233
1246120358874435587
1246124074939682816
1246126393672564737
1246127877709606913
1246131645272526849
1246132559345520644
1246135470137978882
1246140212826308613
1246144248099020802
1246146739012321280
1246151751167860742
1246154281893466120
1246158026047815681
1246162171689566213
1246166689676435457
1246169349393711106
1246173143192031239
1246176927993540611
1246180702028271616
1246184475081531394
1246188244997419012
1246191898366181377
1246195837618847744
1246199813743443972
1246199814972465157
1246199815974850563
1246199817283534852
1246199818285916160
1246199819380670465
1246199821859540994
1246199823222607878
1246203335402717185
1246207119377997825
1246210873087143936
1246214677413146624
1246218457030578177
1246222211934875649
1246226016475000832
1246229769106132998
1246233543686193152
1246237328110170112
1246241105462603779
1246244866889302018
1246248657789296643
1246252407488733185
1246256205326098432
1246259960033542144
1246264234289385473
1246267525744246787
1246271290165649408
1246273236297531397
1246275076040937474
1246278587705176064
1246282607572258816
1246286426490224640
1246293961381154816
1246293972500254720
1246298155093762049
1246301504086122498
1246305262727761922
1246316593933623297
1246324152950292486
1246331706258456576
1246346796495970304
1246361901652750336
1246369443216793600
1246373200507867137
1246376988144738304
1246384544590290945
1246392117284519936
1246399644697014272
1246407194381336577
1246424316977217536
1246426879143358465
1246429854674845702
1246433616298737665
1246437438156931073
1246441163088936960
1246444939216650240
1246448709711409152
1246452526091833344
1246456273824088064
1246460028544040965
1246463810480812032
1246467610004291584
1246471354775416840
1246475146300395523
1246478889032888320
1246482727630786560
1246486700827664384
1246490266661462016
1246494001747943425
1246497899640508417
1246501570600189952
1246505314062606336
1246509106262872064
1246512944814403593
1246516649504780290
1246520442929713162
1246524217140686850
1246528853247430657
1246531761288425474
1246535539081261057
1246539307143307275
1246543124136108039
1246546853044391938
1246550636507942920
1246554402707640320
1246558219926941697
1246558763009572867
1246561948705193985
1246565752313954304
1246569500977311755
1246573360290713600
1246577063076691969
1246580838978015233
1246584623678832640
1246588405326196742
1246593405901246468
1246598457575563264
1246603530749837314
1246608510865022977
1246613552468811781
1246618590293393409
1246623615761743872
1246629684391153664
1246633709144547332
1246641229334446081
1246648819913293825
1246663906547978240
1246678994667347969
1246694092664340480
1246709201809874947
1246716731118235651
1246724267162636289
1246731834383372289
1246739378686263298
1246746936750813184
1246758249468170241
1246765807700520961
1246769970127699970
1246773356633915394
1246777141695578112
1246780905567531008
1246785205379239937
1246788469705314304
1246792232834936833
1246795989337493504
1246801825220702208
1246804040991870978
1246807577838657536
1246811094859108352
1246815925564817410
1246818662230736902
1246822430900981765
1246827219613343744
1246831117350682624
1246838515490488321
1246841276714139650
1246845138367844354
1246848858522628102
1246852619819237376
1246856406021689345
1246860236738134023
1246867701663842304
1246867746144600064
1246875617691406336
1246882811581251587
1246890376851529730
1246894141734256650
1246898025076850688
1246902748559409153
1246905474408161280
1246909246333124608
1246913039863099404
1246916789667323905
1246920580160520198
1246924346448379906
1246928111167508481
1246931888083800069
1246935706414592000
1246939452280393729
1246942999252213760
1246946997887696896
1246950772497158145
1246954538856300544
1246954548603863051
1246958309132951553
1246962101291286529
1246965895647428609
1246973444350185477
1246980984387633152
1246988522109747207
1246996059554971650
1247003606215254018
1247011198085804034
1247018704031961090
1247021234220675073
1247022500019666949
1247026317977059329
1247030032062730241
1247033811214290945
1247037582636134400
1247041385674485760
1247045132840550400
1247048915016388608
1247052692205297664
1247056484502048769
1247064030667329536
1247071557849055235
1247079129029193729
1247086686036787201
1247090441272659968
1247094224190922753
1247101776592957440
1247105555908431872
1247109327560859651
1247113085187473409
1247116878583128065
1247118465539997697
1247121459643891715
1247124420587651073
1247128195591286785
1247131993990746112
1247135743400710144
1247136975246757888
1247139548313923585
1247143286562787329
1247147130961215488
1247148326694387713
1247150830584807424
1247154607844974592
1247155282284855298
1247158379149172736
1247159649289240576
1247162214626271232
1247165939000332289
1247169710736605187
1247173493160116224
1247177327957741570
1247181048393478145
1247184852140666884
1247188580977557504
1247192341800046592
1247196144930865153
1247199926884413440
1247203701674172422
1247207499872325637
1247211244874076163
1247215033316184064
1247217588448436224
1247218782780751872
1247222540935651329
1247224329265451010
1247224851544387584
1247226326978826244
1247230123805478912
1247233873852891140
1247237685238005765
1247241429736448005
1247244688706416641
1247245188197728260
1247249000316747776
1247253830074544130
1247256545022414851
1247261309789495307
1247264089707069447
1247267888840441856
1247271660027346944
1247275432732438534
1247283238747455490
1247286901184368645
1247289545009348617
1247294302163738624
1247298038931943424
1247301827776974855
1247305623810838529
1247309383509463040
1247313145028317185
1247316917607686146
1247320721610735617
1247323916495880195
1247328266278576129
1247332036546879488
1247335801291264001
1247339579667030016
1247343356050649088
1247347129301053446
1247350928589627394
1247354681829076993
1247358473102405632
1247362557419106304
1247366021004103682
1247373590984605702
1247381105394757639
1247384889567174658
1247388699643580418
1247396208861200384
1247403782654365696
1247411310192660480
1247418851756847105
1247426396038856705
1247433998995001344
1247438875749945344
1247441503594647552
1247449070664388611
1247452837778542595
1247456603844026371
1247460370987528197
1247464160356687872
1247467922345336832
1247471730173661185
1247474212266278912
1247476731700707328
1247479232781004804
1247481768112017408
1247484282425262087
1247486823565348864
1247490569242390528
1247492906677657600
1247497477399482368
1247499634144051200
1247501927874781184
1247505677385453575
1247509434546319360
1247513220123951105
1247515227349975040
1247517791554613248
1247524595302723584
1247528344813330432
1247532126557233153
1247535879603621899
1247538221803638857
1247539715382730752
1247543440994439170
1247547228803260416
1247550977319763969
1247554730445828096
1247557324031623170
1247562312040488960
1247566082048745478
1247567678925045761
1247569883803549703
1247573653677584385
1247577378341224448
1247581185334808576
1247584970694066177
1247588725527371777
1247592500145065984
1247596278600605698
1247600112836259846
1247604618059821056
1247607577086537729
1247608124879577093
1247611367110184961
1247615127442141184
1247618926483300352
1247619386648793093
1247626491841646594
1247627945709010946
1247634024891330560
1247637794895388674
1247641572511973379
1247645395406270464
1247649133822869512
1247649873949790208
1247652889142706176
1247656667061391362
1247660427313475585
1247664232554016772
1247668044844937217
1247671779734302720
1247675600678137856
1247679322078543879
1247683137422995456
1247686859402227713
1247690662604128256
1247694429118500872
1247698223684345856
1247701971865415680
1247705774870212609
1247709528310919168
1247713302106517507
1247717067656171527
1247720850020761601
1247728395716362242
1247735934650646528
1247743536876810242
1247747257731973120
1247751072963153920
1247754830178693121
1247758615550636033
1247762359344459782
1247766154560466945
1247769928972636160
1247773691015921665
1247777471463690247
1247781257536081920
1247785020665675779
1247788794398437377
1247792566197579779
1247796345772969985
1247800105291243522
1247803892856811523
1247806565823868928
1247808925455400960
1247811472312410120
1247815215271510016
1247819023951310848
1247822767141109760
1247824031182716928
1247826535865823232
1247830316758315009
1247832818773884928
1247835344634105857
1247837866820022272
1247840381351407618
1247841622412460033
1247844162365521921
1247846661092712449
1247849204204085249
1247851699961806852
1247854282029793283
1247856719239294977
1247859257925566465
1247861770082975744
1247864307771203584
1247866814299766785
1247869316072161283
1247871892935016448
1247876748311777280
1247879525511225347
1247883156646133760
1247886962209374214
1247890723019444224
1247895736856891392
1247898279464947717
1247902038140145664
1247905800695078912
1247909033937338379
1247914633735868419
1247917117032235008
1247920904107155459
1247923457947557890
1247924702800228353
1247928482446925829
1247932306683281411
1247936017170157579
1247939795726356491
1247941418473132032
1247943567747813378
1247947360971501568
1247951135182331904
1247954912924876801
1247958662804639744
1247962509883162624
1247966218562256897
1247969963953901568
1247973784428126213
1247977544747548673
1247981288541257728
1247985111783690246
1247988866792988673
1247992674201763847
1247996418645778436
1248000228784914437
1248002673460174849
1248003966023204870
1248007763961081856
1248011519750582272
1248015293072338945
1248019049071538179
1248022812754755584
1248026604703559681
1248027881449631745
1248030413546807297
1248032887221506048
1248035419012374528
1248037926728077312
1248040459483713537
1248042972157018113
1248045512500051968
1248048004923342849
1248050510868946944
1248053075685801984
1248056800991154185
1248060573830561792
1248064374578823168
1248068150467407872
1248071913462775814
1248075682007199744
1248079453097463814
1248083259973677056
1248086999870910465
1248090796399738880
1248094560326221827
1248098334058971146
1248102107749715968
1248105869126098944
1248109641789308930
1248113439882522624
1248118463740014592
1248123496741437444
1248128561342529536
1248133558146863104
1248138595061374976
1248143634760900608
1248148657444134912
1248153703472943104
1248158746351669250
1248163781936582656
1248166299282399234
1248170046515490816
1248173829614186497
1248177606341656576
1248181890831519745
1248185144680349701
1248187676626497536
1248190187194200064
1248192698898690051
1248196496174067712
1248200259890708480
1248204007488790528
1248205274298580992
1248207794538516481
1248211563401695232
1248215352401674242
1248219147424710656
1248222898843770880
1248225435583987712
1248226737139392512
1248228469911191554
1248230456027422721
1248232200820207617
1248234233551872001
1248238005275496448
1248240215828959232
1248241822482206720
1248245736690438146
1248247556506714112
1248249335919206402
1248253097719316486
1248253121610100737
1248256922022817792
1248260660049387521
1248264448382570497
1248268207632330756
1248271998100353026
1248275748873535490
1248279503660556289
1248283305226756098
1248287078481354760
1248290850523750400
1248294663632666624
1248298394780663808
1248303348597604352
1248306266096705537
1248309460252200963
1248313544875147264
1248316785192992770
1248318668339138563
1248321062766551047
1248324826978189312
1248328595140947978
1248332352234737664
1248336162143571968
1248339901424295937
1248343709751574531
1248347466027630597
1248351254394306560
1248355030777901064
1248358824823619584
1248362609721643008
1248366350277492740
1248370170189369345
1248373897650675712
1248377675556642821
1248381447502626816
1248385200612167680
1248389002488459270
1248392771544571907
1248396539623436289
1248400381324869635
1248404085864165376
1248411652506013698
1248415450662195204
1248416687457624067
1248419183215296517
1248422980452896768
1248425487958827008
1248427993610850304
1248430537766662151
1248433053711532033
1248435551608270848
1248437569202814978
1248441850593185793
1248445630470598656
1248449395961384961
1248453218155155457
1248456948690763778
1248460722087972867
1248464504570040321
1248468279271645185
1248475826066059264
1248483380670291968
1248490927728910336
1248497212004257794
1248498480999321606
1248506024807579648
1248513567252459520
1248521139351158785
1248528682790064128
1248536212845072384
1248540002444890119
1248543770653663232
1248551359370211331
1248558883725103104
1248566477638295553
1248571440494006273
1248576477181984769
1248581538704502784
1248585289100079104
1248586526667104256
1248589088359358464
1248590666910834690
1248592829678587904
1248596624995225601
1248600384584761344
1248602523939803136
1248604203985055744
1248607949439680514
1248611745679077376
1248615518828806148
1248623050515312643
1248626833542639617
1248630589701439494
1248634380379136005
1248638130346999808
1248641965173796866
1248645699123720193
1248649469643587584
1248653223700901890
1248658168068128769
1248659056123936769
1248660256206585862
1248661897731362818
1248664568160817152
1248668346968465411
1248672422200586240
1248675885319950336
1248679689331380228
1248682156701790208
1248683457699631115
1248687245068054536
1248690728290705410
1248694762175111168
1248698543205990402
1248702376082579456
1248706077979545602
1248709872763514880
1248713643467911176
1248715706906091520
1248717404668153857
1248721180149809156
1248724960987709440
1248728736607985671
1248732534860591104
1248736302918443008
1248736766623993856
1248740079352328193
1248743842867826694
1248747622720065538
1248751389309796358
1248755167295688706
1248758951476432899
1248762727167860737
1248766475327987715
1248770272288813057
1248774038706585603
1248777820559544320
1248781586931343360
1248785376115937280
1248792919462551552
1248796696450121733
1248800469641834502
1248808050154225665
1248814387567173632
1248818087576600578
1248823140962181120
1248826883686445057
1248830671398805504
1248834423627317248
1248838241412882433
1248841978642644992
1248845757437882368
1248853321147973632
1248868398412509185
1248883514961002497
1248898639533150208
1248906166492692480
1248913699366191105
1248918737224380416
1248923606635208704
1248928836974268419
1248936358875455488
1248943914087784449
1248951462115377152
1248959011325644801
1248962524327919617
1248966579230060544
1248970334277074946
1248974160396771328
1248975230816727040
1248977629002248193
1248981652803588097
1248985170054709251
1248989234876297216
1248992978548506626
1248996775907770371
1249000513582104578
1249004293753053185
1249008088029564931
1249009275898343425
1249011857626730498
1249015604184584194
1249019442937442304
1249023178942316544
1249026982085607424
1249030736474247169
1249034513675624448
1249038275534295042
1249042028572430336
1249045836132122625
1249049601836974080
1249053613126750216
1249057158160953349
1249060932900306945
1249064740254605313
1249068452045901826
1249068471629070336
1249072266790526977
1249076018691944448
1249079826197209092
1249083568082518024
1249087374220570627
1249090860412801025
1249094901679210500
1249098675034288142
1249102458183249922
1249105959697473536
1249110482599862273
1249114025230766082
1249117551910666241
1249121322963263489
1249125138341203969
1249128605726228485
1249132671340593153
1249140221960237056
1249145230139555842
1249150254823374848
1249155319210684416
1249162860535693313
1249170436950196224
1249176219792412672
1249180464943976448
1249185525275275265
1249200623637102598
1249215713459548165
1249230795723739136
1249245884690436096
1249253441190481920
1249261017617567746
1249268570925785091
1249272318423175168
1249276114654109702
1249280855710871552
1249283651604557824
1249287419704336385
1249291193692958722
1249294955912335360
1249298740709675008
1249302518506668033
1249306300896468992
1249310070950821889
1249313858398949376
1249317603765628929
1249319474441916417
1249321421899169792
1249325160236285952
1249328974351798272
1249332727058497536
1249336490624196608
1249340251967029248
1249344048722313221
1249347881221455873
1249352331277348866
1249355363570180102
1249359165878870016
1249362904727633927
1249366739026092034
1249370446849589249
1249374244624052230
1249377991903391745
1249378028104400901
1249381854794395655
1249385566367612931
1249389379157712896
1249393103821307906
1249397772559814667
1249400659021115392
1249404416827854848
1249408232398995456
1249412062482239491
1249415771924692997
1249419546324348930
1249423302029914120
1249427102367178754
1249430839928033280
1249434667662663680
1249442232886853632
1249449735292944389
1249453533310717953
1249457349691129857
1249464826776170502
1249472448208277505
1249476154387546112
1249479949913817091
1249487526131269634
1249495061735366656
1249502649696890881
1249510136890228737
1249517713325727746
1249525246690054144
1249532804720984065
1249540344104050688
1249547921701457922
1249555430591868929
1249562995656724481
1249566853887864835
1249570535249530880
1249571781633024000
1249578091992756224
1249585632558678016
1249593180535783425
1249600743730024451
1249608282349744128
1249615833757818880
1249623373166018560
1249627152733134848
1249630927099224067
1249634707215659008
1249638486535221248
1249642252969877504
1249646034856411137
1249649793502191622
1249653559118856192
1249657352283971584
1249661148733079554
1249664893629890562
1249668689877663745
1249672105714647041
1249676247598235648
1249680014460760064
1249684409244168194
1249686288560721927
1249690455245283330
1249693834554073088
1249696363878678529
1249698924841046018
1249702674888605696
1249706442040446978
1249710201382502400
1249712399806017536
1249717756754309120
1249721540536655875
1249725309278023680
1249729058880901121
1249732879065759750
1249736625199951873
1249740409447813121
1249744234145611783
1249747969005543434
1249751730604183553
1249755479204433920
1249757269253898247
1249759314652299264
1249763069179412490
1249764370130878465
1249766836826247168
1249770607975247875
1249774416181035008
1249778146674642945
1249781903567261699
1249785719343796224
1249789525905334273
1249793257669877766
1249794486181359616
1249797031989850120
1249800803772219392
1249804599541796865
1249808350835023882
1249812148123033600
1249815888590766085
1249819753436381185
1249823126453706752
1249824707513323521
1249827234266873856
1249831001368428545
1249834751529299968
1249838572343099393
1249842367307436033
1249844846363377664
1249847343626813445
1249849918463905792
1249853654926057473
1249857444878188544
1249861197106724865
1249864989944492032
1249872534377582592
1249880100457328640
1249887634211704832
1249895175247233024
1249900847779188736
1249905245955727363
1249910305435586561
1249917820256780291
1249920334037495808
1249925379911036929
1249925408834846722
1249932931939872770
1249940461504118784
1249944867494641664
1249948041437642752
1249955583912001536
1249963118991728641
1249970708559560704
1249974691189710848
1249978227818475520
1249982001014288384
1249985761669152769
1249989540707696642
1249993323005255681
1249997092069793792
1250000896840339456
1250004649765220352
1250012194160422912
1250014450335318016
1250015946561007616
1250019772261154818
1250020234481881088
1250023533582974977
1250027277490032641
1250031047389003776
1250034861756297217
1250038621316538368
1250042390863319041
1250043092524285952
1250046187304030208
1250047445024768006
1250050197465391106
1250053740851273728
1250057499409031168
1250061317622374406
1250065046153158656
1250067901744365574
1250072596546273282
1250076395897860097
1250080162047307777
1250083914946883584
1250087698964140032
1250091447325536257
1250095242898034695
1250099044170563591
1250102788551520261
1250106632610160641
1250110329205522433
1250113851632295936
1250117890554159104
1250121736261156867
1250125416934899712
1250129254874058752
1250132985531285505
1250136796442365953
1250140534750040066
1250144794690629640
1250148095700205573
1250152383457505280
1250155656629424129
1250159415648571395
1250163165486342150
1250167009276563461
1250168778522066944
1250170748611768320
1250178181694398471
1250182091591073798
1250185844008390657
1250189597415538694
1250193388634345472
1250197141722669064
1250198621758402560
1250200945889292290
1250204708603559938
1250208479521972225
1250212317637283844
1250216043177545728
1250219835029630982
1250223590659837954
1250227352686284801
1250231131070509056
1250234927301476352
1250238686362513411
1250246244859097090
1250250015341195269
1250253776818225153
1250257574471049216
1250262584537878529
1250267623524196355
1250272667560603650
1250277678529175552
1250282717528244225
1250287789771354114
1250295304403869697
1250302884387762178
1250310436680904705
1250317981130747904
1250325515572899842
1250333051118186496
1250336848141901825
1250340629416042496
1250344397545172993
1250349571533762560
1250352671602569217
1250355718122696709
1250359468371529728
1250363294747103232
1250367049697759240
1250370822058975232
1250374573025046529
1250378335206567936
1250381731129176064
1250385933700120577
1250388590036738048
1250393435556716544
1250397238599340032
1250401015154819073
1250404786668797952
1250408533398564864
1250410595481985026
1250412339939115008
1250416132881817600
1250417589186166784
1250418192243195905
1250419870325526529
1250423674827489284
1250427443816493058
1250431217968668676
1250434985045012482
1250438764809207819
1250441773479911425
1250446292708470784
1250450067196186631
1250453832183644162
1250457629975089153
1250461418308198401
1250465185070006272
1250466939719290887
1250469008593301504
1250472018530664448
1250475462599618561
1250478909969309696
1250480284102950913
1250484100709957641
1250487804603379725
1250490467101401089
1250494139168325637
1250499180679831554
1250502928676380673
1250506680124575744
1250510486321455104
1250514232778600450
1250518017001259015
1250521814624882698
1250525584435937281
1250529385775616005
1250533117514973185
1250536129222320128
1250536901720846336
1250540678280609794
1250544525459820547
1250548482655629313
1250552252789653506
1250555786239135751
1250559527705030659
1250563325106192389
1250567112000765953
1250570859913318407
1250574711513387014
1250578433194762241
1250582203098107909
1250585978760318980
1250589768855048197
1250593529052704769
1250597326810484744
1250601056297418759
1250604900616208386
1250608615146377216
1250612410592956416
1250616168492269568
1250619991420022789
1250623728527998976
1250627504475430913
1250631268640972801
1250635036728139776
1250638816404279296
1250642613734125569
1250646380726681600
1250650164215320576
1250657708417703936
1250665264871542784
1250672810617339907
1250680351674060801
1250687907628810242
1250695470072180737
1250699210908975106
1250703005546164224
1250706762623221761
1250711039437660160
1250714325586710528
1250719938794356736
1250721859940888577
1250725655186157570
1250729423030177794
1250733199799365632
1250736963830808583
1250739627952164864
1250740721054875650
1250744512676323329
1250748325961367553
1250750803780001792
1250753327354306560
1250755821882900481
1250759644387184643
1250764118723891201
1250767181622755328
1250770976352219136
1250772178926284807
1250774711061164032
1250778543832928257
1250780493739671553
1250782259910754306
1250786078375776264
1250789819078389760
1250793601845661705
1250797383669202946
1250799224486330370
1250801197038153730
1250804918560206848
1250808736127598592
1250812463261548544
1250816224147017729
1250820005618475009
1250823792894644224
1250827575800279041
1250829286539505664
1250831379878817794
1250835145176813569
1250838645776568326
1250842642881089538
1250846521349885953
1250850213360787456
1250853997096943616
1250857775514689537
1250861596957646850
1250865329825333249
1250869066731905024
1250872066183770113
1250876617775349767
1250880419798671364
1250883936164679681
1250887822258638849
1250888699702894606
1250889373245149185
1250889855116156928
1250890613698019330
1250891339652309000
1250891955292250114
1250892937208176647
1250895521323065346
1250899305638047750
1250903071628066816
1250905808348549122
1250906846644318209
1250908953917218823
1250910624688869378
1250914394369863692
1250918153883987970
1250921918791692288
1250925726146142211
1250929495101538304
1250933268725272576
1250937071591702528
1250940808343281664
1250944598643552256
1250948360955146243
1250955914905096192
1250959706270707712
1250963472378212352
1250967476646612994
1250971006090522624
1250972260741062657
1250977309613535235
1250982347958300672
1250986114736959488
1250989881939169280
1250993658645688326
1250997468130672641
1251001222385065985
1251004974236143618
1251008775009570817
1251012547987288064
1251016297292410885
1251020072690294784
1251023869365891072
1251027637406924800
1251035175020093440
1251042746846130176
1251050286946365441
1251057843601641473
1251061619515445248
1251065392824492040
1251069155597529088
1251072986347712513
1251076718762262528
1251080500569165825
1251084256589295616
1251088026543022081
1251091819846344704
1251095599744782342
1251099355605598209
1251103112439443456
1251106929344237569
1251110673863643136
1251114445914476544
1251118212802121728
1251120183567056902
1251122009490235393
1251125799551451136
1251129562412601345
1251133354717609984
1251134970762014720
1251137121785720832
1251139120249933824
1251140895996592129
1251142432625917952
1251144656991240192
1251148463233888258
1251152213772087304
1251156005821353984
1251159750579896320
1251163571939131392
1251167319889530880
1251171114039959552
1251174852213563393
1251178641687547905
1251181878079393799
1251186193661939714
1251189953905790984
1251193814624145408
1251195787024961537
1251199236148006918
1251205052699680771
1251208835546722305
1251212580766580737
1251216393783083008
1251220147261636610
1251223971485364225
1251231454656376833
1251231928218501122
1251235378998149128
1251239005322084352
1251242809878773761
1251246339880607744
1251250363824590849
1251254139725721606
1251257893195784198
1251261680719364096
1251265454821310464
1251269236523065349
1251273013955375111
1251275896998309888
1251278038995795969
1251280548435128320
1251284304258199552
1251288084609740801
1251291892773511170
1251295664262299648
1251299422660628480
1251303198125588481
1251306973905268737
1251310754759835662
1251314513548279808
1251318288833003521
1251322076021116929
1251329623306244096
1251337173556776961
1251340938221359105
1251344724763578368
1251352280730828800
1251356040555368451
1251359861645942784
1251363597994909696
1251367380938358789
1251371156373987334
1251374950964920322
1251382484446728192
1251390040875446273
1251397567965016064
1251405173798440961
1251412673608253440
1251420224877998080
1251427769877254152
1251435341862576128
1251442871410049024
1251450424500129793
1251457974440247301
1251461499706630144
1251465554969473024
1251469293654609920
1251473071619391488
1251480640580726784
1251485629608718336
1251488175500988416
1251496977302519815
1251503290770169858
1251507033691611138
1251510838407675904
1251514597829468160
1251518384375767040
1251522141817917440
1251525918532739077
1251529443325198336
1251533509002477568
1251537245787561986
1251541009453940736
1251544797711646722
1251548837174444034
1251552319025500161
1251556123259404290
1251559891728240648
1251563681818849294
1251567436643647489
1251571237324800002
1251574986139205636
1251578743086178305
1251582544061108225
1251586358973521920
1251590352550723584
1251593876206424064
1251597367582904320
1251601456194600960
1251605167344168967
1251608949687816197
1251612741200207874
1251616528610533377
1251620274082123776
1251624093570535425
1251627830653394945
1251631670069006336
1251635372834140161
1251639177294352392
1251642933553573889
1251646731164569600
1251650479349735425
1251654275505311746
1251658039171710984
1251661812711424000
1251669370574721024
1251676949640097792
1251684716652224512
1251692031119970304
1251695791778992129
1251699574475034624
1251707162411311104
1251714666818043910
1251722217278373890
1251737332992151552
1251752427692457985
1251767516331991042
1251782614203195393
1251790158128652288
1251797729556287491
1251805267085398017
1251820351257968640
1251827910773805056
1251831671374188546
1251835461162749954
1251839230885662720
1251843015586570241
1251846786148425730
1251850556559233025
1251854319915327490
1251859612900503553
1251863367721144322
1251865676832276481
1251870634940006403
1251873663755923457
1251878195940462595
1251881255756533761
1251886032804614144
1251890293407993856
1251894649339416576
1251903495634145281
1251910968336146439
1251918501301846027
1251922293766397958
1251926072465244162
1251933648451969025
1251937961442250752
1251941153550860290
1251944922778865664
1251948737036988419
1251952473411108869
1251956289401507841
1251960032499023874
1251963860963209217
1251967582938202114
1251971352950644738
1251975122669522952
1251978898482528256
1251986438973018117
1251994050070286338
1252001241036619778
1252009173086330880
1252016648401440769
1252020433920147457
1252024236190900224
1252031762454233088
1252039351258791936
1252046863567593478
1252054402967441414
1252058161210707968
1252061951624167426
1252069520195203073
1252077038825082880
1252084640581550081
1252092150617079808
1252095952200097793
1252099732983492610
1252103485480468480
1252107237604175872
1252114808612294661
1252122338818220032
1252129901731250176
1252137447762341888
1252141223734923266
1252145039540719616
1252152544559804418
1252156320221999106
1252160140402479104
1252163875539161088
1252167640531054593
1252171422333636609
1252175195881816065
1252178964141027330
1252180442335322112
1252182772485107713
1252186521115004928
1252188282097668103
1252190311201353728
1252194062414819329
1252197855676301313
1252199095458058240
1252201617958604807
1252204122763415553
1252205375522172929
1252209181379223554
1252211456592019456
1252212923021299712
1252216727259283457
1252220480125370369
1252224284547862528
1252224873134460930
1252228057827627012
1252228977684553728
1252231817052033024
1252235625308188676
1252239367986466816
1252243150380376067
1252246950130470913
1252250726132260864
1252254461462003712
1252258292224712706
1252262026694529025
1252265775341228032
1252269571853221888
1252273361339719681
1252277112272310272
1252280454331478017
1252282909056282630
1252284663902670848
1252288355250954241
1252292223221276674
1252296047491256325
1252299772125417473
1252302049867431941
1252303560898940928
1252307293888303105
1252311109748625408
1252314876346802180
1252318618555043841
1252322423342608386
1252326210178342924
1252327605325496322
1252328717319315462
1252333776920883203
1252337515878649859
1252341390731653120
1252345065998913537
1252348848434905092
1252351351830405123
1252353850536873984
1252356459557302275
1252358892526301198
1252361423889391625
1252363936487190529
1252366460640391171
1252368965491253251
1252371466449977345
1252375269073010688
1252379069385019394
1252382821773000707
1252386634324037633
1252390356735283204
1252394198839357440
1252397906838999040
1252401737282904068
1252405470997803009
1252409259507109890
1252413007646175232
1252416792804225025
1252420578343972865
1252424369206263810
1252428103365713921
1252429112628490242
1252431891291987976
1252435662596263939
1252439435913736194
1252446999766618112
1252454529066569730
1252458331375120388
1252462094873747458
1252465864814796800
1252469637591285760
1252477193021784064
1252484734757765124
1252492339152551936
1252496061438058504
1252499842846392321
1252503606303096832
1252507411522469888
1252511167534301184
1252514948569276417
1252518702983020544
1252522499566428161
1252526282354589696
1252530057719005184
1252533800774651904
1252537592026988544
1252541365835235328
1252545148917108736
1252548913569161216
1252552662882701317
1252556470471864326
1252560235627151360
1252564012719575042
1252567764532776960
1252571571757121536
1252575346601459712
1252579106853728257
1252581613097099267
1252582896847683584
1252586648849825792
1252590452194316288
1252591230103494656
1252594224282861568
1252598002491031557
1252601749753528321
1252605544667496448
1252609300557631497
1252616867400818689
1252623308220182531
1252624413729701889
1252628617600868354
1252631963351109632
1252636562761924608
1252639505510805507
1252643294569357314
1252647053395734533
1252651730879291393
1252654606812839936
1252658360748367872
1252662148628701184
1252665665305149441
1252669283857031169
1252673501246492673
1252677243903541248
1252681007301488640
1252685144013578247
1252688559074664449
1252691995388186624
1252696155634446337
1252698142006554625
1252699905384210435
1252703696984604679
1252707202319736834
1252711260694761472
1252712491316101120
1252715013476888578
1252718771250384899
1252721288176701443
1252722905768738817
1252726374894362624
1252726845742727174
1252730104503025664
1252731344028909568
1252733855301283840
1252737651532275713
1252741436186988545
1252745200763580416
1252749002707283979
1252752742067703809
1252756521261375491
1252760307807784960
1252764095088136192
1252767864311947266
1252771615156428808
1252775394081734664
1252779242452070400
1252782961033871363
1252786740575842309
1252790487175610369
1252794301865697281
1252801825146798080
1252805587399839744
1252809425154424832
1252816922397208576
1252820713418833923
1252828260938862602
1252832044687560715
1252835792746999812
1252839594325733376
1252843356545114116
1252847131871703042
1252850885652148225
1252854685871964164
1252858458887487489
1252862223711563778
1252866007909011456
1252869796040851457
1252873548621725697
1252877343665733637
1252881280359739394
1252884901705052161
1252888639757041665
1252892404547543041
1252896206856114176
1252899977145262081
1252903747430334465
1252907528104673280
1252911287639687168
1252915120482799617
1252918854138945536
1252922638256783361
1252926397632348160
1252930032474914818
1252931078119178240
1252934207288025088
1252937733024157696
1252941484157997057
1252945250940837890
1252949047125708800
1252950717658210304
1252952850721902594
1252956585757941761
1252960419884478464
1252964169223147520
1252967920067645440
