1234991970243604482
1234992246996357120
1234992631907672064
1234992761851371520
1234992904730337280
1234993012351979521
1234993136813789184
1234993175795625984
1234993249569263617
1234993372768567296
1234993514305310720
1234994474440282112
1234998372622204929
1234999009455960064
1234999322913042432
1234999510327156738
1234999537602899968
1234999628677828610
1234999663612186625
1235000058174590976
1235000148708585472
1235000229042126848
1235000307072897024
1235000510253432833
1235001787532357632
1235003754715459584
1235006513506373632
1235007177364041730
1235007236512141313
1235007349888364544
1235007463239364608
1235007543769993217
1235007629581262849
1235008020230397953
1235008607747530754
1235008689838477314
1235008831069052928
1235008921577766914
1235008946911539200
1235009065773912065
1235009086074257408
1235009332342902791
1235009340903510017
1235009461057617920
1235009626187485184
1235009699365425153
1235009768705658883
1235010072293625856
1235010139977113600
1235010221090705409
1235010298454646784
1235010435767832579
1235010506450243584
1235010508064948230
1235011174112124930
1235011852821835777
1235011902125862913
1235012132812533760
1235012932884467714
1235013629382217728
1235013923453181952
1235014839795404801
1235015768200400896
1235015821010882560
1235016699826581504
1235016835285823493
1235018404618219520
1235020681261322240
1235021194153385984
1235021645372436480
1235023143447584770
1235023561217069056
1235023626052591616
1235023707732496384
1235023782315581440
1235023868089131008
1235024243080880128
1235024438447333376
1235024505757511681
1235024603203821573
1235025049263853568
1235025173423636482
1235025235574812673
1235025299114307585
1235025891014479872
1235025973562630144
1235027336627511297
1235027784189095938
1235028028347920386
1235029649186361344
1235031753351458821
1235032253283078145
1235032645534441472
1235034517901135878
1235035250918674432
1235036511118249985
1235037019832750080
1235037691013738497
1235038478104059905
1235038978090254336
1235040077052604416
1235040603940896770
1235040911001669632
1235041336878706688
1235041494391754753
1235042915140825088
1235043612708265984
1235043929474531328
1235044601259491328
1235044670587072512
1235044845753790464
1235045953197035521
1235045963909214208
1235047214818328576
1235048521042022400
1235050319819636736
1235051747342573568
1235053890585821184
1235053901826510850
1235056641504169984
1235057182464409601
1235057891796586496
1235058159418404864
1235058604798959616
1235060785459666945
1235061882546819072
1235063129152856064
1235064734619176962
1235064994087104513
1235067082288447489
1235067643779936256
1235068593865252867
1235070376503390208
1235071833902215168
1235072519746379778
1235073508952215552
1235073989061435392
1235075092893200384
1235076184435609601
1235078921021882369
1235080848208089088
1235081488502337536
1235081895735676928
1235084874152701955
1235088438157697027
1235088708061159425
1235090873437712385
1235092095817453568
1235093110121611269
1235095255294210048
1235095489604771841
1235096229710680064
1235099561280102400
1235099739508494337
1235100426971701248
1235100598967533574
1235105854950526977
1235110801377124354
1235113096399609861
1235117088987131905
1235121549776048128
1235126371032207361
1235128874150907904
1235130623364419584
1235130986041692160
1235134870889824257
1235137686865838080
1235138945576468482
1235143924592803841
1235147761819013120
1235150252891688961
1235154070438129665
1235159169784778752
1235163536474726402
1235163598311260161
1235167628873936897
1235170888770899968
1235174662591721473
1235178648451325952
1235182478710755329
1235186421880717317
1235190655632146438
1235191522989137920
1235192707238289408
1235196918256545792
1235200792396734465
1235204802939887616
1235207644249546752
1235211683175550977
1235215641046589440
1235216183462330368
1235217951638376452
1235219674830340099
1235222115395215361
1235222385491664896
1235225285160824832
1235226235602718720
1235230099710119937
1235234116028727296
1235236832431964163
1235238300765605890
1235239091433648128
1235240104563740672
1235241856390311936
1235242620915453954
1235243003033325572
1235243298559680513
1235243963445121025
1235248622452822017
1235249258816851972
1235252679003328512
1235256568423370752
1235258239450787843
1235258739017560066
1235259441907453952
1235261008316428289
1235261246565474306
1235263247231709186
1235264330809171968
1235264931118927872
1235267308827955200
1235270555529551872
1235270912150253570
1235274420782092295
1235275560600907776
1235278382730031105
1235279502865035266
1235281875624656896
1235282626661044229
1235283347506688001
1235284562298785801
1235284800749129728
1235285710925688833
1235285745423855618
1235286505867837440
1235287086829318145
1235287175165546496
1235287825735725057
1235287970829262848
1235288665816997893
1235290260441100309
1235290430977323009
1235290646816026624
1235290788008996867
1235292345559547907
1235293203609399298
1235293983351414786
1235294919578628096
1235296804566114305
1235297353327837184
1235298161650012160
1235299179297206273
1235299236385783809
1235299640800665600
1235301809750708226
1235303016187736067
1235307428784345088
1235311092177522693
1235312566848679937
1235314291382915072
1235314713015263234
1235318868714889224
1235320778465234944
1235322478655877123
1235323146405806081
1235324167064629249
1235324219875041283
1235325685926957060
1235325763806793729
1235327175382925312
1235328183240724480
1235329700383379456
1235331204712411136
1235332470234587147
1235340484295430144
1235342025010094081
1235343523999866886
1235347809420926976
1235349583582109697
1235351323899564034
1235354102420275201
1235355111834214400
1235359141968990214
1235364456231768066
1235368438627004419
1235372468308762624
1235376504822956032
1235376985683132416
1235378503970967553
1235379032302084097
1235379774203326464
1235382534588035074
1235385072464748544
1235389070844420096
1235391097058324480
1235394098326114304
1235397210994388992
1235399356485951488
1235402413885931520
1235406705007251456
1235410480421908481
1235414492948975617
1235418774293135360
1235421780610818049
1235426467032567808
1235429103257387009
1235430612665802752
1235434630276362242
1235438542962061312
1235438912404885504
1235442165041356801
1235443105962364930
1235446974431645698
1235450933645017091
1235454464892469248
1235458867045138432
1235462751260196864
1235466585831325698
1235470425666314247
1235474971381678080
1235479066322571270
1235483097069576192
1235487305667948544
1235491525628477440
1235495540118507522
1235500083082297345
1235504259548033024
1235506951188078592
1235511359707795456
1235513157659090944
1235517626731896833
1235518798469492736
1235523187313717249
1235527084019273728
1235531040225189888
1235534035608375298
1235538303958609920
1235538713410584578
1235539826612502528
1235539826675511296
1235541575448563712
1235545996538544129
1235551021302153216
1235551516540403712
1235555403771064320
1235556684950466562
1235560851391856640
1235562717584543744
1235563733642104832
1235567604724633600
1235569273050927104
1235570198704459778
1235572233638219776
1235574495957716994
1235575817054433280
1235578379505528832
1235582225015377922
1235584527554113537
1235586051592384518
1235586425216798721
1235587983966973953
1235588540261715969
1235589887128211462
1235591004264321027
1235592338056990720
1235593145653399553
1235594946146598914
1235595464331976706
1235597585580163072
1235599228052762624
1235601233299288064
1235602732913963008
1235602971406356481
1235605723960270848
1235606507271737345
1235608279046217729
1235609900677509121
1235610225631277058
1235610759490449408
1235612868881637376
1235616482043797504
1235617332103458820
1235620532755795971
1235621051406614535
1235622315834171393
1235622527994433536
1235622673646063617
1235623161921703937
1235623589090676736
1235624120122925057
1235625258432040961
1235626107203989505
1235626166045687808
1235626736248709120
1235627043972317185
1235627506901938176
1235628352691716096
1235630030065004545
1235630111086522369
1235631196559695872
1235634103350747137
1235635321997574144
1235639993088917504
1235640792804401165
1235643763449610242
1235645866246950912
1235650327484850176
1235651041598869506
1235652628056506368
1235655686568189954
1235659862484201472
1235661044112031744
1235661916493803525
1235662284644642818
1235667695703674885
1235667923986980865
1235671397449355264
1235671459919523855
1235671781106757633
1235672219575087112
1235672505890861058
1235672696546930688
1235676140439605249
1235676271431933952
1235677001484300308
1235678703658692620
1235679113593094144
1235681118587940865
1235682041489915909
1235687470924206081
1235690705747472384
1235692080711819264
1235695829308108802
1235699859547738117
1235700889987489793
1235703646064726017
1235707659111653376
1235708384520704000
1235712589511852032
1235716502659063808
1235718100600815616
1235718766136365056
1235719222744895488
1235722293550166016
1235725053066698753
1235728314289074176
1235730088198578179
1235731018268569600
1235734967562285057
1235735598507405312
1235739373423013888
1235739548174487554
1235744223103598592
1235744981639254016
1235747464822566912
1235749691645714432
1235751365734998017
1235751843969372160
1235752229858131970
1235753982016065536
1235757577603960832
1235758013211869184
1235760026675032067
1235761535395467266
1235762303825514501
1235764300364513280
1235766068083412993
1235767831586910208
1235769841438658564
1235770351797366784
1235772599394803713
1235774866273587203
1235778650156552193
1235781400504291329
1235785688966193152
1235789982125764608
1235793960163045376
1235797968617459712
1235801547684147200
1235805317830545408
1235807590249979905
1235811622951608320
1235815382344011777
1235819175068614658
1235821677440729089
1235825956851339264
1235830564327841792
1235834265729773568
1235837288262717446
1235841738897412103
1235846190081531905
1235847361206706180
1235849103780675590
1235851115993788418
1235851632019038208
1235855680663244800
1235859749003878401
1235864254302916610
1235867232724344832
1235871287815233536
1235875528785170432
1235877807902859264
1235882282130575360
1235884341449940992
1235887118435659779
1235888384020819968
1235889558224621568
1235893528082997248
1235893777606283265
1235896169659879425
1235899709870559234
1235900202697003008
1235904702900064256
1235909617378635776
1235913978980823041
1235918106318516225
1235918330416050176
1235921098832785410
1235922334835453952
1235923380714471424
1235928172895637505
1235932333292781568
1235932633089167360
1235934817046401025
1235935698051575813
1235936144870617088
1235936480746450944
1235936510098190336
1235937182101143552
1235940001785032704
1235941728869322752
1235943495258517506
1235944863834804225
1235945999853633536
1235950208862892032
1235950910326652928
1235951578089222155
1235953868028153857
1235954776422191104
1235955566826176513
1235957417982246913
1235962356062130177
1235963376779567107
1235964332686684162
1235966581378822151
1235967008698765313
1235967672526962689
1235969416992604160
1235971778155098112
1235972938391859200
1235973314281123843
1235978299186335744
1235978325270695939
1235979405131952128
1235980617340325889
1235982272500809730
1235983240114171904
1235983761398956032
1235985562508627970
1235986186327506945
1235987178603393029
1235987665662750722
1235987865995284480
1235992306274250752
1235994158638211073
1235998512971726848
1236002143850688512
1236003269933174784
1236005525583736832
1236007080814878720
1236008345754091520
1236009928285921280
1236014192337002496
1236014537058537473
1236017978296209415
1236019423871414273
1236020572515155968
1236021307571154951
1236023784664154113
1236024187829006337
1236025272945848322
1236033927002931202
1236034509382000649
1236037107317174272
1236037868998389760
1236039371255689217
1236042899235786753
1236044143828381697
1236044164812464128
1236047778113089543
1236049799348129792
1236051197569585152
1236051796826771467
1236053454969323520
1236055269836288003
1236056225067999232
1236059127639683074
1236059669422125056
1236059826687369216
1236060659714060289
1236061259121995776
1236061950892740608
1236062768391995394
1236063990729650176
1236064676594814978
1236065948802732032
1236066017115353091
1236069920040943616
1236070595563044869
1236075262611263488
1236076433421852672
1236079887837843456
1236082157317230598
1236082734457647104
1236085419403550720
1236087943527186434
1236088947404607489
1236095492108541952
1236098508748460032
1236100497809031169
1236101014928973825
1236101795723829248
1236101817114779648
1236105709986754565
1236109391973306368
1236114363616055297
1236115411218968577
1236116900981202944
1236120988401782784
1236125934769573890
1236127954331201536
1236128211404234753
1236128213614592000
1236128709524021248
1236128968228696066
1236129218989350913
1236129454377897986
1236129706954678272
1236130221973221381
1236130476550746113
1236130734424944641
1236131221308084225
1236135004461240320
1236138779360059392
1236140032001482752
1236146065625276417
1236154493286350850
1236155124017479680
1236156387421495298
1236156894298988544
1236157131415588866
1236161726070034432
1236170110198591488
1236174365894619137
1236176262487474178
1236176518201688065
1236180964230995969
1236184922462859265
1236187086417539073
1236187611313713154
1236188608161288192
1236192438739521536
1236200365441331200
1236203442193879040
1236207909375270913
1236211734291140608
1236217029587279874
1236232887760019456
1236256540061061121
1236261648102567936
1236266738993545216
1236272308748267520
1236276869625982977
1236281288950153219
1236285544121995264
1236290581313323008
1236290787312308224
1236295011421114368
1236305709966467073
1236310723669737477
1236314946755051521
1236319869198532609
1236320759460646912
1236325878981894145
1236328018299301888
1236330585766977543
1236335428887818240
1236335859546435584
1236335885446189057
1236341373290328065
1236345875666030601
1236347297883095040
1236350903734521857
1236351001294188544
1236355131672846341
1236359775279026179
1236359838608785408
1236366096179044352
1236369972416450561
1236374222961868801
1236381103952297984
1236381174165094400
1236382623196426243
1236383627950329856
1236387711721881602
1236392898268213249
1236396225798311937
1236400251671642112
1236400740949807109
1236404268657258499
1236404682693771265
1236405035229229056
1236405927638634496
1236406542246821888
1236409045407408129
1236411326051815426
1236411336864776193
1236412075695656962
1236412077499170817
1236412588965183493
1236423915267854337
1236424647513686018
1236429772659531776
1236430707070812160
1236431195329695744
1236435495070154753
1236436014215901184
1236440761782153217
1236445545285246982
1236449609301594112
1236453745476677633
1236456622505046016
1236461433363275777
1236465472452911106
1236474129982853121
1236478923577397249
1236483995061321728
1236489612056580096
1236502276551966720
1236517165764837378
1236532672438194176
1236547245002153984
1236562603381489664
1236577665525649409
1236582737693327360
1236593055597244419
1236608025709985793
1236613082723627010
1236622798300250112
1236632454867357697
1236633421948076036
1236633841089028099
1236636436566282241
1236637838134915074
1236637971190894598
1236641509245628417
1236643215853457413
1236645021719412737
1236645738182053894
1236648618527985665
1236652985758949376
1236653055225053185
1236655122027085824
1236658913732427776
1236668018924666880
1236671949440458759
1236676201017757696
1236679832819335168
1236683172596928526
1236687727480971270
1236691974603845634
1236698245784571905
1236702168289247233
1236706245186400256
1236708342816542723
1236708435649011718
1236710493890523139
1236714363643482112
1236719586248138754
1236724270795034624
1236728470278987776
1236732587449692162
1236736284435062785
1236740889697030151
1236745276070789123
1236746732370890758
1236749069759983623
1236751577031086088
1236752068561580035
1236756553103028231
1236756669453029386
1236757813852016640
1236761267085467649
1236765334696341504
1236769304500150277
1236773105068126209
1236778072902426626
1236783708671225859
1236785279878512642
1236785516294504448
1236785797623234562
1236789844845768711
1236794508983128066
1236797873666301954
1236801967286075392
1236806295832969216
1236810244489175040
1236814203366912001
1236814423743803392
1236818732019855360
1236822575071838212
1236825410727444485
1236829854970130433
1236833024857145344
1236834417672413185
1236838679601131525
1236843459983691777
1236847941215834113
1236853231755636736
1236857512571387904
1236861387680428032
1236865181583622149
1236868594035818501
1236872486039379968
1236876521060667397
1236880931476168710
1236885198278668294
1236889279986622464
1236892743210762240
1236894988127965185
1236897182239854592
1236901603170541569
1236905749575618560
1236910133302702080
1236914471790092288
1236918808805335040
1236922868426031105
1236927241298358272
1236931297307693056
1236935365073743873
1236939391324618752
1236943734538993669
1236947597086031873
1236951781265080320
1236956120096419840
1236959949080625152
1236964496255725569
1236968338410135553
1236973477372067843
1236977487235645440
1236981767883698176
1236985989358206976
1236990468522676224
1236993664888471555
1236997289501229058
1237000579035148289
1237003995153039362
1237004800287543296
1237007755497660418
1237008300149018626
1237009615310565376
1237009735292944384
1237011394823946240
1237011928037445634
1237013507222183945
1237013727997812737
1237016810719006721
1237017635440779264
1237018319749865474
1237022108401704966
1237022553916485632
1237023931506266113
1237025112055885824
1237028631916032000
1237029385854648320
1237033672508833799
1237035077521027077
1237036192916484103
1237038195885441024
1237038299388301315
1237042142880694281
1237042856671444994
1237045334359986177
1237046611131486215
1237047573673902082
1237048201632497665
1237048590230597632
1237050006605094912
1237050022665076736
1237050280442806272
1237051792627826689
1237054433567088640
1237054547568271363
1237055175103152132
1237055230224801799
1237056508061515777
1237058087732813824
1237058090115248129
1237061617348739072
1237063126463455232
1237063614009421825
1237064377116876801
1237064703450349573
1237065364883808257
1237065628214837248
1237066557081243648
1237069553420689408
1237070682879557639
1237076210192130049
1237077911322136577
1237078514299473920
1237082237046272000
1237082900144615424
1237083267687424002
1237085724224217088
1237086403445559296
1237087562520571905
1237089276275363840
1237089538574614528
1237089614491537408
1237090040347602944
1237091554797461505
1237092555776458752
1237093778634059777
1237094826400768004
1237095573892800512
1237099464420143104
1237101429325803521
1237102041635356673
1237103241839738881
1237104407512338432
1237105109957558274
1237105872335245315
1237106123322339330
1237107700376502273
1237111057254146048
1237111883204870146
1237115958759735297
1237119504011927552
1237121553667588097
1237121745884241920
1237121750355316738
1237123762992091139
1237125771749134340
1237128027697545216
1237129332633538561
1237129924034596867
1237130740804050945
1237132566311907330
1237136915096317952
1237138406834155520
1237143055930703883
1237143147932717056
1237144674868940800
1237148598011396097
1237151054665482241
1237151783711051779
1237153093642584065
1237156820369588226
1237161760509083652
1237165551316762624
1237168052732669952
1237171836397457409
1237174091766992897
1237177899343654913
1237181632982941696
1237185431730601984
1237190852969185280
1237194975189839873
1237199260766089216
1237200698183475201
1237201759392563200
1237202829779107840
1237207044341379072
1237213092175654912
1237215606442770432
1237222229416517632
1237225683161690112
1237230139563544577
1237234047673401344
1237238365558374400
1237242323387457536
1237246618837155845
1237250307077419013
1237254614971531264
1237258507105296386
1237262811476250627
1237266840507858950
1237270805026942977
1237274672896630784
1237279200865923072
1237283050393939971
1237286886353309696
1237290784677867520
1237295067980861441
1237299435467616256
1237303338749878272
1237307299104002049
1237308023867047936
1237312587014057985
1237316632055369728
1237320446749675520
1237324712658833409
1237328610635153408
1237332402051178496
1237337426139459587
1237337471752470528
1237339962498048000
1237343202736209920
1237347095360745474
1237347604347961344
1237349499745513472
1237349765370843143
1237351777521065984
1237355844313980928
1237356788871311360
1237361845960310787
1237365699787591681
1237370112723820544
1237370141765251074
1237374174768910336
1237374981069299714
1237377268227485696
1237377956034547713
1237378939502252034
1237380052972683264
1237385251237871617
1237385386608988160
1237387079266557952
1237389754389254152
1237393995631718403
1237394557337088005
1237396570326339585
1237399089995792389
1237400353315971072
1237400630127460353
1237401124203872256
1237404093531840513
1237407650733871109
1237408094059147264
1237408629655027712
1237410898215604224
1237411413213302787
1237411415226540032
1237414484962152449
1237415459760361473
1237417923079217157
1237418127975211010
1237420367662190594
1237420591344484352
1237422219250319361
1237426167042408448
1237426313742503938
1237426509599723522
1237427041076682752
1237427263337095168
1237427264096219144
1237428715962933254
1237429283406184450
1237431546824609793
1237433652411326464
1237434896156590081
1237439092905869312
1237441364440289282
1237441859338866689
1237444867627921410
1237445134364610566
1237445664876920837
1237450920167903233
1237453696113553409
1237454688762638346
1237455984483852288
1237456957369352198
1237457466763378689
1237457536414035970
1237461102675595264
1237463766733815808
1237465387089965057
1237467567763193857
1237468392191414273
1237470311857172480
1237472041110065153
1237473016235384840
1237474868310007808
1237475079514193921
1237475857410732035
1237476590713540609
1237477094474604545
1237477604443258882
1237477843224997888
1237481340490207233
1237483135140495370
1237487224356245505
1237490031406854146
1237490464477061126
1237491464415981568
1237493656459804680
1237494208912482306
1237495183287123973
1237495299083567104
1237495532249067521
1237496883733504005
1237497573184868355
1237497819667333123
1237499590896746499
1237500131466936321
1237501358212816898
1237502046842093569
1237502283082018822
1237505344902815744
1237507137674215424
1237507471893311488
1237509010116333568
1237510642615160833
1237511349711695872
1237511738443960322
1237513612429799426
1237514414921863169
1237516294049558528
1237517357037338632
1237519181009960960
1237528764134744065
1237529140024102912
1237529383897714688
1237529622192877568
1237529833631920129
1237529899134382080
1237530086489772032
1237530278496628738
1237530320989073408
1237532469865271297
1237532912481755137
1237533042400301057
1237533183828082688
1237533213666369536
1237533505405333504
1237533613312184320
1237534731769540608
1237535038792585216
1237536549442482177
1237536767315546112
1237537740066975746
1237538117394956288
1237540764051050497
1237542509997219841
1237542530419290114
1237542661512253440
1237543860391165953
1237544588572643328
1237545706270806016
1237546043325079559
1237546721523032064
1237547831784693762
1237548705361715200
1237550029302165504
1237550629221847040
1237550944910376962
1237551353884373001
1237551822392315905
1237553339421741057
1237553341665701888
1237554623285612545
1237555921464651776
1237557516520714241
1237557911812845574
1237558961961717761
1237559115397750785
1237560654308896768
1237562897582055425
1237564415265800192
1237564668660436993
1237565685301010433
1237567952305577985
1237569199079190536
1237570011851395073
1237571266795593728
1237574235528126465
1237574499475718144
1237575196984217600
1237575567202865152
1237576043663216641
1237576260319989760
1237578010674335747
1237579145376190465
1237579753361559553
1237580910934941697
1237581680510029825
1237582210858774528
1237583337436241921
1237587815602327552
1237588865285681152
1237590984021565440
1237593025653563393
1237596960703406080
1237598135850917888
1237599898477817857
1237603672969719809
1237607456311668737
1237611990530416642
1237614730589528064
1237615827337256960
1237617569215008770
1237620298230517760
1237624058235281408
1237624568191336449
1237627096425431040
1237629619588792321
1237634823201701890
1237642167708942336
1237645971913351169
1237650148764848128
1237654000658505731
1237657260836433920
1237658022861832192
1237661830056677377
1237665723645939713
1237672383470854144
1237676900669108224
1237681199105130497
1237685603971534848
1237689779136987136
1237693837230866432
1237698293318258688
1237702800076877825
1237704336546893825
1237707262992560128
1237709629146247169
1237712900657221632
1237713596827738114
1237716912722915328
1237718938533978112
1237719432283250688
1237724227513581568
1237725995093950471
1237727585855049728
1237729517281710080
1237732020391948289
1237732529437892608
1237733030778806273
1237735454960738309
1237736053299122178
1237740157329162240
1237744215452516353
1237748387577057280
1237748878926950400
1237752698109296641
1237753332225257473
1237754925469368321
1237755875965775874
1237756979545804801
1237758710019170309
1237759209481154560
1237760014250631168
1237760055472160768
1237760446201057281
1237761484643536897
1237761787292004352
1237762062580953090
1237762606749884418
1237764470568558593
1237766365102178306
1237766691108663297
1237767107988926465
1237770128055365633
1237773119458336774
1237777554209148930
1237778914677854208
1237779601730023424
1237780363923120128
1237781343666405378
1237782382574534658
1237782764893753345
1237785815054508032
1237785945484800000
1237786741806977025
1237786909113561091
1237787963012063232
1237788313618190338
1237788528387534849
1237788712152576007
1237788848811315200
1237789732970643459
1237792676856152068
1237794193092870144
1237794273938022403
1237798278919417856
1237799593884233734
1237800914477617152
1237805201588969474
1237807687431327746
1237807775612272640
1237810066193088514
1237811655758708736
1237813062754844672
1237814738366730241
1237816840119861248
1237820784191705088
1237822491852242945
1237825639924842497
1237825900181442566
1237828666802999297
1237828909330284550
1237830261481627648
1237830486178709505
1237830998668324868
1237833366512295937
1237834533619277825
1237835491447320577
1237836213471645710
1237836445081092098
1237837769352851456
1237840032376844289
1237840991056322566
1237842911942737923
1237843449228849153
1237843534712983553
1237844519527178241
1237848738359472128
1237850524948385793
1237852319993098242
1237854834243428352
1237856231907155968
1237859317178667008
1237860373904195584
1237862864787890176
1237869000169644032
1237869942487334912
1237872452841033730
1237875695864311813
1237876471206539264
1237880304863285250
1237880511147597824
1237886783439822849
1237890575610699777
1237894591371595778
1237898122828775425
1237900744042430464
1237901369379557376
1237906205235793920
1237907308115607552
1237907833137610752
1237908462174076929
1237909675418488834
1237910374747439105
1237911575920508928
1237913927163547649
1237914272526733318
1237916538277179392
1237916598368907265
1237916847762288646
1237917195549552640
1237922261761495041
1237925192887947264
1237928607063965696
1237931594415046656
1237935366985986053
1237939153033146368
1237940413647990787
1237944166493097984
1237944630756474881
1237948050393317377
1237951600460738560
1237953468372901889
1237954246600990720
1237958205361266691
1237960760757805056
1237962024757452800
1237966168545267718
1237970028852580352
1237973821023535106
1237975608438722560
1237978049125195778
1237981853522460673
1237986369458315264
1237990496418529286
1237994990648922114
1237998792584179712
1238002857896542208
1238007207612030976
1238011228578025472
1238015021277380609
1238019164909993985
1238021433491628033
1238022943927685120
1238023941639360513
1238027787254009857
1238031575515889664
1238035445306609664
1238045313014915072
1238049512540844039
1238053701476106240
1238057857670680576
1238067253419089920
1238069125928402945
1238072269336907777
1238072764646424578
1238076020386697217
1238076590740865026
1238078537032241153
1238079565475569665
1238081815426072581
1238083337450917888
1238083600958005256
1238084845429035008
1238087119920402434
1238090719648264192
1238090893888032769
1238092021950185474
1238095674065014787
1238095740897017856
1238097469201952768
1238098199547691008
1238098407560019974
1238100269214334976
1238101136994971649
1238101194473713665
1238101958931689472
1238104984413179904
1238106486292742144
1238106766052864001
1238107391432032264
1238108395342901248
1238108688428171268
1238108924584304641
1238110105385734153
1238111537195372547
1238114040079056897
1238116299844259841
1238116564806840326
1238116695799205889
1238117644236136448
1238120523948793857
1238120917357690881
1238121645388320768
1238122409984774144
1238122873404952576
1238123501300711427
1238124543417430016
1238125462917992450
1238126452773507074
1238128184266235904
1238128765647163399
1238129588049457157
1238129658207645698
1238130730158481409
1238131938130636801
1238132730501750788
1238133102624505858
1238133109972848651
1238133988914532353
1238138341104771073
1238138596097490945
1238138733582520321
1238138893435797506
1238143390686105600
1238144459365326849
1238144585731317762
1238146987964485635
1238147253598146560
1238149734373744642
1238150520830857216
1238151193387511810
1238151972727017474
1238154455255846912
1238155097982582785
1238155236105170944
1238155305977970688
1238155897198841858
1238156546779090944
1238156984651845632
1238157353096282113
1238157559296602112
1238157658844250115
1238159040406007813
1238159683271229446
1238160066299207686
1238160750524366849
1238161455851151366
1238162237669376001
1238162629421563905
1238165526112804864
1238166542493388801
1238169407781834757
1238171287857569792
1238172549118386183
1238173430958166017
1238176982782939137
1238178120731111425
1238181052776091651
1238182006170755075
1238182013682753536
1238182236605865985
1238182433343881216
1238183127744380929
1238183668893585410
1238184660909383680
1238184785706659842
1238187250376155137
1238189060293906434
1238189096847249409
1238191674117029890
1238193055976402944
1238193254920867841
1238193283089776648
1238195267347898373
1238197328143671296
1238197663985795075
1238198345530826753
1238198744467865600
1238200965867716609
1238203499667652609
1238203636922175488
1238204675452788737
1238205684266778637
1238206442454294528
1238207491315548169
1238208284907225091
1238208858893533199
1238212442250973196
1238215266640834560
1238216239459241987
1238217841805004801
1238219198347857924
1238224062633201665
1238228032650989570
1238232318348865543
1238233708601257985
1238234458257588224
1238234819974307840
1238234891856347139
1238236330225741825
1238236443992109058
1238238118400024576
1238239460778807300
1238240370749624320
1238242394056929280
1238247291821137920
1238252153409601543
1238252700355244032
1238257116751822850
1238258126983516160
1238259238583111681
1238259393562578950
1238259427066687488
1238262343080890368
1238265285054009345
1238268909331058688
1238269071868801024
1238271829418086401
1238275598943952896
1238276477600350209
1238277598486151169
1238281403881738241
1238284064609546240
1238285177404751873
1238289455280263168
1238293721449365506
1238297760824283136
1238301780989091840
1238301899629244418
1238304042071347201
1238310262182006784
1238311572272902144
1238314087299375104
1238314089027268608
1238317863720620032
1238317984625631232
1238321901073768448
1238326290576523264
1238330033086881792
1238334026232082432
1238336767754895360
1238340569706967040
1238344768561741824
1238349261105963009
1238353402318503936
1238358068909531137
1238367893747838978
1238370473592918017
1238374741922242560
1238380150586294276
1238384330696806402
1238388401923129344
1238392210476933120
1238396093081280512
1238399888007868416
1238404052683313152
1238405656723554310
1238405992523710466
1238406367519674368
1238407472328687616
1238410241282379776
1238414802525065217
1238418767660679169
1238422828292153345
1238426929625272320
1238429551828615175
1238431421884239878
1238435647477686274
1238437676740743168
1238438695994351617
1238438917877178368
1238439666518499328
1238440438140469248
1238440936675344384
1238441196839735298
1238442182987542530
1238442203724369920
1238445119935840256
1238450689464045568
1238455101251031043
1238457853633060865
1238458952851087361
1238463124698775553
1238465829118885888
1238466673344049153
1238469264601997312
1238469454176157698
1238470644129554434
1238471319450157056
1238473649054797826
1238474234072047618
1238475957553360896
1238476564918124549
1238477930587729920
1238477963966009344
1238479147745320967
1238480436894015488
1238483795428495361
1238484241417154560
1238486482563862532
1238487773415432192
1238490679849947137
1238493662952263681
1238494274523738112
1238494479251800064
1238494857716359168
1238495559704592386
1238495777149931528
1238496599883624450
1238496797527597057
1238498579368591364
1238499360477974531
1238499909344657410
1238500708640489473
1238501592078397446
1238502581573427203
1238503538164027394
1238504110527320064
1238505296441548800
1238505543985246209
1238505924957999104
1238506884790976515
1238507817163788291
1238508381318656000
1238509895802073088
1238510468836311040
1238511577759805442
1238511929313943552
1238512180133269504
1238512411809898497
1238513640254439425
1238514170364116992
1238514820263051264
1238514951360262144
1238515686579863554
1238516701102309377
1238519410849206272
1238521648418099201
1238523743829450753
1238525238238986241
1238526383191502849
1238527380223860737
1238527591465844743
1238528088432087042
1238528628494929920
1238528640289312772
1238530227967533063
1238531487688949761
1238531915310915585
1238533423616188416
1238534224707272707
1238536228766703618
1238540827716182019
1238540866131763201
1238542936440217601
1238543644149329921
1238544186032427009
1238546233309962241
1238547862666899456
1238549669422280704
1238549893330993154
1238550422970908674
1238551408577740800
1238551754079428608
1238551959155638277
1238553200959111169
1238554315050139659
1238554396876734469
1238556513708453889
1238557618672672770
1238558753970163713
1238558758403559429
1238560227252977667
1238560719886528520
1238561154898833408
1238562493414494209
1238562834675572737
1238563248162603009
1238563466400673795
1238564416884539393
1238566526753652738
1238567844738207747
1238570716389400576
1238571881776566272
1238572372808081409
1238576162630180865
1238576618232217601
1238578236633866245
1238580386155958272
1238583087656820740
1238588235116425217
1238593018602676224
1238598367938334722
1238600493611409408
1238607524200361986
1238609089774698498
1238614161787162625
1238614889956020225
1238615348171153409
1238626926425710592
1238630194585300992
1238633006555947008
1238635225032331264
1238635736519278592
1238635741191843840
1238635743393824771
1238637747260272641
1238640006677368833
1238640273649012737
1238640502129467395
1238640502146314240
1238642270171258880
1238642537914662913
1238642771545796621
1238645297150136320
1238659892912828417
1238663159289954304
1238664408479535105
1238665667555086336
1238669182469836805
1238676019554516992
1238680409023688704
1238684760651767808
1238688577724321792
1238692440460136448
1238697113166512129
1238701769871458306
1238705566329049088
1238709411998306305
1238714099141394432
1238718827388719105
1238756659071238144
1238772358715826176
1238782083226615810
1238787433073958913
1238792880753463296
1238798173084307458
1238802837083226114
1238803515973214208
1238805085087567875
1238809070309605376
1238813580671299587
1238817615432372227
1238822435044102144
1238826513514082304
1238827221164281858
1238830540645715976
1238833019810721796
1238837640549617664
1238841847159623680
1238842321111744512
1238845822881738752
1238847664550293504
1238850468723470337
1238853226134454281
1238857422266961920
1238857585610182657
1238861410827894785
1238862655244210176
1238863992661164033
1238865816625479680
1238866120163147776
1238868040034463745
1238869922282864640
1238871374782922753
1238872519182036995
1238874781715292161
1238876196550647811
1238879611204915200
1238880260411789314
1238880823383916544
1238885035316588546
1238889345874104320
1238894308238991363
1238894563294576643
1238899825371987969
1238903811277754368
1238908138952294401
1238912773083615232
1238917209939947531
1238921494727659523
1238925920876081154
1238932957378813952
1238937650473639937
1238942454918848512
1238943744566714369
1238944765380571144
1238950030234583040
1238954863977009152
1238959707466928129
1238965724363833349
1238973480932081671
1238974209306628100
1238977585356341250
1238978277722767360
1238989312135499776
1238990318978183169
1238995245393760256
1238999979504656384
1239004302414352389
1239009303132082177
1239010189967327236
1239013709642633226
1239014478072745985
1239018749774225408
1239018999196856323
1239020508168978432
1239020767934808064
1239022528158404615
1239022529999777792
1239022530335293442
1239022531853647872
1239022532679925760
1239022779586019330
1239022781636972546
1239022781867515904
1239022781897027585
1239023013301018625
1239038767752712192
1239053958708150273
1239069224993259521
1239084283173769218
1239099404281425921
1239114452223569922
1239129794815688704
1239144723123712000
1239150193360150531
1239155396067110915
1239160613156409349
1239164338432290817
1239167453827080192
1239167876751396864
1239169083435876353
1239170907249221635
1239171827550892038
1239171870328487941
1239173138178596865
1239174172879749122
1239178324611645445
1239182235124862988
1239186206845526016
1239189492583534592
1239190137659162624
1239192626114551809
1239194167135350785
1239194790648066051
1239196930359656448
1239198867511562240
1239202843061628930
1239203072779464705
1239207179070169088
1239212076096270351
1239215970784337920
1239220219157110785
1239224689601515520
1239228570490286080
1239232552105324546
1239237030288273409
1239241257374842882
1239245142906765312
1239249282080952320
1239254396837531648
1239255813765677059
1239259539918200837
1239263340377051143
1239267175111802881
1239271023209562118
1239275728627281926
1239280113302286337
1239284910973751296
1239288972616110083
1239292777650966528
1239297275224088583
1239301453468127239
1239301605490475009
1239301956654546945
1239302137768824834
1239303631452680196
1239304710928109571
1239306146822926336
1239309813495947264
1239309932907896833
1239314558319296514
1239319358427541504
1239323871981027328
1239327297238376449
1239329801770618880
1239330042586505218
1239334077473476608
1239337839608897536
1239340145301651458
1239341002114154497
1239341696489578496
1239342728321937409
1239343360143491072
1239343670509404161
1239344685916860417
1239344854297083910
1239345094685270018
1239345561930776576
1239346088810876929
1239346714265427968
1239347475913285635
1239347642293014528
1239348200915509248
1239348912365977600
1239349051767701504
1239349386410369025
1239349578010370048
1239350270599061505
1239350574765740033
1239350750905536512
1239351567846985735
1239351963894112256
1239352563939586050
1239352680935383040
1239353003120963584
1239354145389379585
1239354335798099968
1239355930535497732
1239356210383634432
1239356257879961602
1239356528693579776
1239356884622155784
1239357712237907968
1239357980346376193
1239358325701173248
1239358848667979776
1239359281515958272
1239359437036535809
1239360160868577281
1239360787518455809
1239360913943269380
1239362003912790017
1239362029720350720
1239362265066790912
1239362397946732556
1239363771803590656
1239364955134140417
1239365045601042432
1239365401827565570
1239365646619750400
1239366523627737089
1239366911793692673
1239369008761241607
1239369523515490307
1239369585473847298
1239370091394891777
1239370486167076864
1239370504726814722
1239370851646136320
1239370869836861440
1239371198867419138
1239371365737738243
1239371677936553984
1239377067390709761
1239380333214101504
1239383885810556928
1239385419621400576
1239388144786685960
1239388274122080257
1239388692109832194
1239392978537308160
1239393741284261888
1239396017633734656
1239400917335543808
1239404460406947840
1239408029038067712
1239408491003023361
1239410375692636163
1239412840286609408
1239417332792991750
1239420539128688640
1239422870318714880
1239426824041639938
1239430776820727809
1239434904380809217
1239439057421324291
1239443166262149120
1239446992117477376
1239450858833817600
1239455257933090816
1239459590229680128
1239463658629070848
1239467735387693056
1239472140866510848
1239476196833886210
1239480268416827392
1239484591758610438
1239488876420509696
1239493286672416768
1239497094915936256
1239501242700881920
1239505408663916550
1239509283269742593
1239513076107534337
1239517526985445381
1239521720119296002
1239525538336833537
1239529344755777537
1239531447477829637
1239535543689633793
1239537833481605120
1239538440783515649
1239541983389024256
1239542429608480768
1239545346830852096
1239547893641547776
1239549225689657346
1239549614979719168
1239551082805833729
1239551252436049924
1239551646583193602
1239552049529978880
1239552949879287815
1239553749837852679
1239555167793659904
1239556975496761349
1239559676053934082
1239560804158013443
1239561033439760385
1239562222717874176
1239567286064857088
1239567447772073987
1239567706770341888
1239568142097096706
1239569993970454529
1239571794572574723
1239572186496741379
1239573508222521344
1239574973888499877
1239576093495111681
1239577610398679040
1239582036907573248
1239582078909513729
1239582754276343809
1239584214544199680
1239587915551965184
1239588068723736577
1239591681093251073
1239591756875866114
1239591946525356032
1239592104504037378
1239592557140676608
1239594603147341828
1239595405274492929
1239599319759667201
1239599404077776898
1239600258759430144
1239604937186848768
1239609314719006720
1239609555321073665
1239611419580080128
1239614557896744968
1239616659352178691
1239617173556989958
1239617526751023104
1239619761400676352
1239620501074477059
1239622239831678976
1239624830326112263
1239626454360612871
1239626984117936131
1239629222597070849
1239630502228832256
1239630972758495232
1239631381657006083
1239631450363830272
1239632871863640064
1239634176430784513
1239634617252134922
1239635156350222336
1239635522554912768
1239635651911454720
1239636240988876800
1239638144955437056
1239638314564681741
1239638412715610123
1239638463416172544
1239638544282464258
1239639770273402883
1239639827303325698
1239639945289089025
1239640287720464386
1239641819165663239
1239642773365633025
1239642976424468480
1239643164870430721
1239644604024131585
1239645035764875272
1239645997820719110
1239646877588566016
1239647979881009153
1239648308089536515
1239648401291120645
1239648466474799105
1239648645106085888
1239650733730996229
1239654343495868427
1239654724120559617
1239655706636189698
1239656924360126464
1239658236405518338
1239659584207364099
1239663943255236608
1239665599787171842
1239666276370448384
1239666302404431874
1239666434453770240
1239668703215706113
1239670976570368003
1239675141518434306
1239675425158299650
1239676566889803778
1239679366067408897
1239680341519912961
1239684180725903360
1239687400533692417
1239687660400046081
1239687950667001856
1239690740755845120
1239693368193691651
1239695441861754880
1239697947446648835
1239701139840536576
1239702620849274880
1239706455143600129
1239709986495889408
1239717610444541952
1239718369500319746
1239718372239179777
1239718866038730753
1239719110356930560
1239720365863116800
1239727175315701760
1239731695676461061
1239733500883931140
1239736551627796480
1239738157752619010
1239738160600539137
1239739516727984128
1239743777583042564
1239743834109751297
1239744481445974016
1239746940407087104
1239748521051422720
1239753600882094080
1239755912920915969
1239763170161569792
1239767538759761921
1239771333480906753
1239775127790911494
1239778916816076801
1239783255840370688
1239787035235422213
1239791174648500224
1239795314715959297
1239799833348780033
1239803649410416640
1239807816786948096
1239811894699057152
1239815884094332928
1239820009234411520
1239824172009820160
1239828284810170368
1239832291892957186
1239836304386543616
1239840369740783618
1239844397333852160
1239846470234386434
1239850271070720000
1239852498980155397
1239857042044653568
1239860950121013250
1239864947510849536
1239869334324948993
1239873401357045761
1239877477696253952
1239881469188886529
1239885985900638208
1239890142736920576
1239891433697480704
1239894070526382080
1239895541062008832
1239897835014885376
1239900750353924097
1239903003001401346
1239904777594642439
1239907553238290432
1239911579065421824
1239915247168819205
1239915662610497536
1239916746313793536
1239917320421748738
1239918604579209218
1239920333660008450
1239921115667054592
1239921637513969666
1239922217879777281
1239924223440818179
1239927319122321408
1239928260454158338
1239931024827510784
1239932560500760579
1239934446683504640
1239936943527464963
1239938588541956096
1239940514373394432
1239942885908393985
1239944022187261953
1239945039175995393
1239945188572872704
1239945889344602114
1239946711344336898
1239947022330990592
1239947787715915778
1239948529763790848
1239949588779368453
1239953436403101696
1239955567327752194
1239956317000724480
1239957354042527744
1239957571915714560
1239957654895820801
1239958459333758976
1239961582974705666
1239962619777150977
1239962965018677249
1239965050418282496
1239968131478458369
1239968938143805447
1239970202042826753
1239973318473613316
1239975539307433985
1239978400774647809
1239978938488762369
1239979974431514633
1239981153739776003
1239981826573242368
1239984098770333696
1239990124236193799
1239993276020797440
1239994297312784387
1239994479207202824
1239997253328175115
1239997556454838274
1240001448831791105
1240001713953800192
1240003926864334856
1240004958541549576
1240005203392376834
1240005646415773697
1240007358685814785
1240009508543438848
1240009966343380994
1240012471806627846
1240012690699038726
1240018677807943681
1240021550612516865
1240024811646091266
1240026660759654402
1240026902016012295
1240029724623208450
1240034178231611392
1240034551591768070
1240039239401734145
1240039511725346816
1240042240149532680
1240044712184012800
1240046339502809089
1240047883283574786
1240048207838748672
1240048503214288896
1240049647986659330
1240049723521851401
1240050096059740160
1240054982197608453
1240055085440303105
1240056851863162886
1240058603685412865
1240060403620569089
1240061873212579841
1240063644618166279
1240065481282850817
1240065710669410307
1240066399982272512
1240069427040788482
1240069734399434759
1240070384344580097
1240071685618925569
1240074087017451522
1240074449103314945
1240074516400869377
1240076448041447424
1240077464526819328
1240083008687869953
1240084515432923137
1240086288965001216
1240088444325560321
1240089054030503943
1240090815726313474
1240091325401350150
1240091717250027520
1240092582937604098
1240093293310025731
1240093349857517568
1240093561502261249
1240094547927085057
1240094586925613056
1240096637290233856
1240097354600103936
1240099123363295232
1240102144398761985
1240104913570541568
1240108923761328131
1240112199928107009
1240113156602634241
1240115984444383233
1240119747657809921
1240122527214710785
1240126307540914176
1240128574235054086
1240130325562511361
1240131074828775426
1240132920196694022
1240133596251389953
1240136094462529536
1240138888083058690
1240143311144452100
1240147198991622146
1240150999051927555
1240153722841415681
1240157545576239105
1240161359746281472
1240166399064051712
1240166566223888385
1240170626846990336
1240174692729868289
1240178813687955458
1240183231351226368
1240187013829210117
1240191129687121920
1240195233004113920
1240199333502488578
1240202811062849537
1240206887926235136
1240211409054597121
1240215198490718209
1240215641602379776
1240219648358060032
1240224247773048833
1240228429288652800
1240232306276593664
1240233768989982720
1240238161206423553
1240242306793590785
1240246116324651010
1240247559098073089
1240251586997374977
1240252380974845955
1240254902116454401
1240255157440569345
1240258678277705728
1240259431050420231
1240259913949028360
1240262995835596800
1240263298127409154
1240265202769297409
1240266225634226178
1240266880276979718
1240269767912697857
1240270185875017730
1240271069912666114
1240271716531744768
1240274015127814147
1240275342646001678
1240277299263606784
1240278216004247552
1240279549612564481
1240282970918924296
1240286358477946882
1240286864499712007
1240287351764586497
1240287505326526465
1240288438403940352
1240289633570881538
1240290434234093568
1240291372676124673
1240291606772756480
1240292132893704193
1240292401597558791
1240292414478118912
1240293503005011970
1240294469536284672
1240294665179578379
1240294803323211776
1240298271253368839
1240299700143763457
1240300694340501509
1240301444600934405
1240302963421216779
1240302998305341440
1240304931095089158
1240305478372032513
1240307987308335104
1240308627912544256
1240309264972996610
1240310218661249024
1240310624497917952
1240311455452483584
1240311836622413825
1240312028386021376
1240312787521462275
1240313475420823552
1240314374406930434
1240314517483028485
1240314769984442370
1240316004753985536
1240316296597823488
1240316562038558720
1240318480362229760
1240318569814134785
1240320678856994816
1240322425985867783
1240323241790640135
1240323714056667137
1240325091373854720
1240325780611137537
1240326814746247168
1240326868110381056
1240327201834389504
1240328553180418050
1240328557810847744
1240332357246337026
1240333156894617600
1240334189565747201
1240334204208140288
1240334808666050562
1240335181266984965
1240336717380452353
1240337427455188997
1240342170319687680
1240342248233013250
1240342477678280704
1240345397652000776
1240347619303530500
1240347754364391424
1240351528944361475
1240351638893801473
1240353303575375873
1240358660368449536
1240358969262120960
1240363625593942025
1240364112930058246
1240365342108549120
1240367497796296707
1240368579163414528
1240370187255394305
1240371730167869443
1240371913026830337
1240376296728920071
1240378091006038022
1240379730555215875
1240379779427323906
1240379984134504461
1240381928240484354
1240382243853553665
1240382453392556034
1240382810822774784
1240383818806243330
1240386917197320195
1240390312851275777
1240392517729779712
1240393670949511168
1240395437053480966
1240400783738372097
1240403712876707841
1240405397434970118
1240406579641380865
1240408161020006400
1240410929973559296
1240412323304501248
1240412700573925376
1240417299552583681
1240419653295452162
1240420463316090885
1240423500730568704
1240423505268703233
1240426889052897281
1240429409745633287
1240432069542588416
1240433258598297600
1240434326203965440
1240438598295576582
1240440222355083265
1240440397693964288
1240441859509370885
1240443644538216448
1240446898705752066
1240450702037704706
1240452603386855424
1240453446219808770
1240457238814371841
1240461009145548801
1240463530400403456
1240467284109537280
1240470045106425856
1240472354150547468
1240474350769373184
1240476350735056896
1240478376344924160
1240480122471399424
1240485590350671872
1240488416246194177
1240490004759089152
1240491215403003905
1240494640521936896
1240498909476257793
1240502947571695617
1240505277280964609
1240506940180041728
1240509070353850369
1240513357469401088
1240515091923120128
1240517321078247429
1240521349354999808
1240525382719340544
1240526164877357056
1240529791142506498
1240534171421937664
1240538051027308544
1240542107279949825
1240546327685038080
1240548578701033472
1240552512421314560
1240555379634966529
1240556125512228867
1240560297460535299
1240564570189684737
1240568872367001601
1240571975195648000
1240575762933088258
1240580197835059201
1240584300724191234
1240588085206884357
1240589344378847233
1240593631276392451
1240594385512923136
1240598642056146944
1240602689408512001
1240606531353300994
1240606711968382982
1240611040355921920
1240611503117668353
1240612500984471554
1240615012529561602
1240616022954119168
1240624393174290432
1240625409575792640
1240626044819865601
1240629983258820610
1240632030645215232
1240633985375535106
1240636902719598599
1240636970944036864
1240637537653268482
1240638918174932992
1240642812527419395
1240645822867484672
1240646703264542725
1240646874408853505
1240648840669204487
1240649918756372480
1240650864668348418
1240651089365655562
1240653015503290373
1240653507818119169
1240654068047118336
1240655021613735936
1240657293215219717
1240658308559769600
1240660015985418241
1240660420391821317
1240660608745443330
1240662874554535936
1240663078657818628
1240665782071316480
1240666341394317313
1240666454405664775
1240668926272581632
1240669827196469249
1240670423328514048
1240670632104378368
1240670937634295809
1240671202831732742
1240671870887870465
1240672652341186567
1240672902653063174
1240673590837751812
1240674589933518849
1240677818301927429
1240678942517977089
1240679688583987201
1240681254539886592
1240681281081487362
1240681963981287424
1240682971960504321
1240685986943647744
1240686019172687873
1240686231664508929
1240688085513293824
1240689171041103874
1240689257825460224
1240690433916690432
1240691287306600448
1240691290280321024
1240692014447906816
1240692159440814081
1240693894402080771
1240694599904980994
1240699567282122752
1240699581844709376
1240700328346914817
1240701088832958465
1240704101748539392
1240705373968814081
1240706709984669697
1240707111757078530
1240707621352398848
1240709116995055617
1240711801869873154
1240712676587851777
1240714574912987139
1240716178579849216
1240716688259080193
1240716689194586115
1240716934896902150
1240717197816684544
1240718288646295556
1240719200504541184
1240721547133927426
1240722294844112898
1240722467343208448
1240723418334597126
1240724838286794758
1240726494655270912
1240727270865723392
1240728513981878273
1240728619808428034
1240730096249552897
1240731293421355009
1240732593131315200
1240733572941656076
1240734063616577541
1240734517427466243
1240734826497486848
1240735343835582464
1240735866160590855
1240737836640415747
1240738242841980936
1240739020700672000
1240739088287838211
1240741460623929346
1240744624077058054
1240744947579531271
1240745325490507776
1240745656442073088
1240745889460817923
1240746380437708800
1240748799901007872
1240748905475833858
1240749001772806152
1240749502895702017
1240749716847157251
1240750407238012928
1240752309275111433
1240752411377119234
1240753697254191105
1240754104382754829
1240756949584678913
1240757857966055428
1240760947213578243
1240762241739362305
1240763257973071876
1240765002224713735
1240767436762144768
1240771559691862017
1240774885862866945
1240775325518307328
1240777345264484358
1240781104824619009
1240786908764045318
1240791673606717441
1240791950510481416
1240793436367785986
1240793659252961285
1240798753591713793
1240799744290705408
1240803750245212166
1240806782827663363
1240809320461279232
1240811058891292672
1240813079010648067
1240814544345133058
1240816861530423299
1240817985352355846
1240820871675207687
1240821424501088256
1240823133311062017
1240824908852199424
1240828677140733952
1240829522183766016
1240832200863551584
1240835993596542977
1240840002457796608
1240843775376793601
1240847545338933248
1240851335576158213
1240855344810770432
1240859626926637058
1240863641458675712
1240867776094486529
1240871825820864512
1240873346008526848
1240877795447836672
1240881618052579328
1240885941058834437
1240888819542605824
1240893059203829762
1240897115607441408
1240901067736571905
1240905104640937984
1240905185460879360
1240909574787477506
1240913707372285952
1240917745627250689
1240918782975016960
1240923021512146944
1240927550148349952
1240931783685873665
1240935613836283904
1240939420381057025
1240941704544423936
1240942092974784512
1240942911065382912
1240945640659615745
1240949625353371648
1240949726251548672
1240950385134710786
1240952992557391872
1240956293654945792
1240956772648656899
1240958541340557312
1240959536166572032
1240959542357352448
1240968089958834179
1240970608550256640
1240974407033643009
1240976060394733570
1240977902482620418
1240978430029676546
1240982243188891648
1240986056541057024
1240986302897688578
1240990179990614016
1240993747804008449
1240995126270451713
1240999166068883456
1241000337412165632
1241002148701364224
1241003471677071369
1241005453636747272
1241007878611353603
1241012756448456706
1241016765552959495
1241018427864686597
1241020305302323209
1241022700446978050
1241023859329052672
1241024469189214209
1241024576508825601
1241025410525249538
1241028116358860800
1241028561915580419
1241028576155258880
1241028748801081346
1241029010068369413
1241030429509070851
1241032570961362945
1241032633909477379
1241033903219118080
1241037006353948674
1241037639458881536
1241038295376842752
1241038320714625024
1241040652445667328
1241042427441549317
1241043564123095042
1241045221078634496
1241047290296623109
1241049126537768961
1241049192149266433
1241051240517308416
1241051576308989953
1241053967494402049
1241055023859216384
1241055352877187075
1241056011340976128
1241056065858535425
1241057683203076097
1241059229823270914
1241062542778212354
1241065824946962433
1241067936581894148
1241069251944943617
1241070624799444998
1241071797958774784
1241075823450501125
1241079746768887808
1241079937488076802
1241085170389786625
1241090626055294977
1241093714627497984
1241097709467115523
1241098349077553154
1241098710131658752
1241099375532814336
1241102432110809088
1241102580278857733
1241103745913622528
1241104983346610176
1241105783821131786
1241107012857008128
1241107078430613504
1241109732083073026
1241112577448517632
1241112799314673665
1241113063513874433
1241113904215982080
1241116288124178432
1241116335318241280
1241117144131276801
1241119093958365184
1241119793027170304
1241120334260113408
1241120763211636736
1241122068651016194
1241129161877585920
1241137530310885377
1241137531812548610
1241137954191482882
1241144257722961922
1241145041906798594
1241145511954067457
1241145766758027267
1241150538609295370
1241152593902133251
1241153559825190914
1241155364004995072
1241155827190423553
1241158348013215746
1241159617113141248
1241162865433812993
1241162910287769600
1241164891282604033
1241174200884367367
1241174713340174338
1241175226785959937
1241175235166117889
1241175259136524290
1241175461918629890
1241175733311082498
1241176235553837062
1241176716460072960
1241176716573319170
1241176723456229377
1241176962934157313
1241177216232415233
1241177476992323584
1241177742445608960
1241178487785955333
1241199616583925766
1241199880779051008
1241200125625741312
1241200619031052288
1241213317127045120
1241217190843555840
1241221580786675712
1241225469833379840
1241229487150452736
1241233320966569984
1241238051394912258
1241241955276861440
1241245864473038849
1241249768254451712
1241254184407760896
1241256588872163328
1241260467009576961
1241264247537045504
1241269456556474368
1241274935231873025
1241278921297006592
1241284309039878144
1241303551890120704
1241308893671718913
1241334210213957632
1241339522782244864
1241343265909215232
1241348535108407298
1241353217402953729
1241355182878986241
1241359365824827392
1241363191428452352
1241367173760778240
1241371954319372290
1241375795043500035
1241380084835127296
1241384373129220097
1241385526197915650
1241386064377511936
1241388511137337346
1241392531285454848
1241393172909043714
1241397924959059968
1241402858416877570
1241404685820530688
1241408512879722497
1241409509265817600
1241412675881644032
1241415166929051656
1241416527347363845
1241416635308703746
1241418231195283468
1241419888742273027
1241420664155910144
1241423151461957633
1241425076957982720
1241425771815632896
1241429164168708100
1241430405015916548
1241431455856840706
1241435345285189639
1241439540356820996
1241443515936235521
1241447577108860931
1241450264592289792
1241454046449369094
1241458994578952195
1241464337425973250
1241468273994149888
1241472158532014081
1241473631865253888
1241477730098720771
1241482516441313281
1241486559960010752
1241491310529437696
1241495171927289856
1241499799628779527
1241503122641559553
1241507421220147201
1241511860429602817
1241516570339422208
1241517203918336005
1241522369895845890
1241526248976920578
1241530518648295424
1241531964886310916
1241537601061953537
1241538358628712450
1241538358737805314
1241538599285411841
1241538853153968128
1241539105978187776
1241539110050975745
1241545230526091270
1241549856159793152
1241554962825478145
1241558817307078661
1241575516504809472
1241590749042524160
1241598384244391936
1241605704970129410
1241620761363861504
1241651006666129408
1241666485547872256
1241681550636453890
1241681645046042625
1241696459264798727
1241703991001722881
1241707958926553089
1241712793767813122
1241713292613169153
1241716565432840196
1241716573792088065
1241717556106444801
1241719409640603655
1241720622704668672
1241721587352645632
1241721692059316224
1241722670313603072
1241724311121080321
1241724723056316416
1241726713240924161
1241729065410801665
1241729373792763913
1241731214962286593
1241732451942240264
1241733172070617089
1241734283359932416
1241736987423408128
1241738876911312898
1241742743195525120
1241743453668728832
1241746636986036225
1241748320986464261
1241751025209487367
1241753390012608513
1241754843569704967
1241754977737080832
1241759105095778315
1241763378084941828
1241764563369906176
1241767505925988352
1241771589659758597
1241773438005641220
1241773741006299137
1241777922727456771
1241782454282788867
1241782905438900225
1241783682437918720
1241787736379592704
1241790608873869313
1241792650660982785
1241794714908704768
1241799561724731394
1241803734289657862
1241804078600138754
1241805688554369032
1241806556943048704
1241807632660410372
1241809040029745154
1241810507197276160
1241815277265977347
1241819732531175427
1241822107694182400
1241830270581514241
1241834133149626372
1241838086776066048
1241841789943697409
1241842260054065154
1241846361823350785
1241846367477067776
1241849425821077505
1241850119315734528
1241850484073418760
1241851168596406274
1241852468155133953
1241852717426978816
1241854151899975680
1241854554939043840
1241856485619007489
1241859202764677124
1241859642084466689
1241861760925216769
1241862537332826115
1241863081220849664
1241863887269462016
1241866567052333062
1241867989399592963
1241869800638480384
1241872536389984256
1241873937354633226
1241878188797689858
1241882417729884164
1241886271015915522
1241890074423373824
1241894393998725120
1241900025350938625
1241904024712024064
1241904876994658305
1241907790228193286
1241911568830541825
1241915588366282752
1241919534556119040
1241923395928895488
1241925384750260224
1241927391016030209
1241930432679161856
1241934208966295558
1241939103396003840
1241941010478964736
1241945310043222016
1241948661640310786
1241951053723000833
1241952704148262912
1241956655853637632
1241960907086770176
1241964791830401024
1241968952852516865
1241972780679168000
1241976914887262209
1241980964932378624
1241985336097607680
1241989628015661056
1241993109107605505
1241997196855312384
1242001346502504450
1242005463698374656
1242009290929573888
1242013129078382593
1242017272723628032
1242021167906672641
1242025050892578817
1242029015877197825
1242033392289484800
1242037825102647297
1242041627893530624
1242045841080291329
1242050170365362176
1242054510186504192
1242058457911607298
1242062716375904277
1242067201013751809
1242071763644821504
1242075149693747207
1242077536110157824
1242081051113127936
1242082900495020033
1242085971174330368
1242089883553988609
1242093820357103616
1242096275673288710
1242097841314467840
1242098367553044481
1242098484527824898
1242098555734687745
1242102835392774146
1242103092386107395
1242104463160217606
1242104724020760582
1242106074540507138
1242108056663556096
1242109139414908928
1242109762264850434
1242111574673948673
1242112713641414658
1242112991979548672
1242113984729399298
1242114300363210759
1242114717587570688
1242116624414658561
1242117270459101189
1242117905950654466
1242119694615805953
1242120025986695172
1242122904403431428
1242123172088025093
1242124205073879040
1242124596264013826
1242124667818856448
1242124716850188291
1242125544814149637
1242125877271498758
1242126233569198083
1242127184417996802
1242127584055476225
1242129124350726153
1242129252008562690
1242129497928982528
1242132161140006912
1242134528963096581
1242135917495603200
1242138769756753920
1242139070739947522
1242140194679242754
1242142611667902465
1242147120645165066
1242148123729973249
1242150524037869569
1242152349398962179
1242152870763470848
1242152976027967494
1242153657711431685
1242154993827885056
1242157893203439616
1242163285274824705
1242163287317512199
1242164683043373059
1242165430200000516
1242166132427182082
1242167123079766016
1242169936803442693
1242170773080551430
1242173890446712833
1242176847175188482
1242179399233024003
1242179564241145857
1242180087514107905
1242182352467525633
1242182426274734082
1242182513478512640
1242182847349350404
1242183087569735682
1242183346366668800
1242185120527912960
1242189132752961537
1242190454478774275
1242192059307458560
1242193441326596099
1242194936486940679
1242196365742084101
1242198638337486848
1242199222344171526
1242200637376319489
1242203299815751681
1242204193005371394
1242205882932498432
1242208626896445441
1242208772677918722
1242210062518702080
1242212415296733193
1242212570498338816
1242212995268255744
1242213497624281089
1242214669252734976
1242215067136950273
1242215595946520576
1242218237783355393
1242218334181040129
1242223389315604480
1242225816735494153
1242227430301065216
1242227815430475777
1242230171513622530
1242230977411207169
1242231044688019456
1242232091288485888
1242234312608661506
1242235366171643904
1242237660615323648
1242238709610602496
1242239469836816393
1242241000074088451
1242243686718746625
1242245088350093312
1242246022841217025
1242248814070661120
1242250270047903748
1242253161416425472
1242255057237626880
1242257091450077188
1242257595496312833
1242260111101497344
1242263118463500289
1242265206220177409
1242266905693564935
1242270175929544704
1242272184925552643
1242273960726794242
1242275708824666112
1242278984752168963
1242280197220679680
1242281756537040901
1242283525870686208
1242287293496528896
1242288465007595520
1242289051711025153
1242292831160590336
1242296600539660300
1242298988537282561
1242299888550936581
1242300380714881024
1242304387189542912
1242308643309182977
1242308679069831168
1242312444107776000
1242316255471771648
1242320354137255941
1242320502317821957
1242324779119640581
1242328307804319745
1242332094593994755
1242336201090256898
1242337370856398848
1242341846132633601
1242345954101125120
1242349202891472896
1242351714709262338
1242355823701041153
1242359828837695488
1242363825191600130
1242367933759868939
1242372434877124610
1242376260027809792
1242380525270171649
1242384764075737090
1242388729932722178
1242393280924573704
1242397076522180611
1242400888116953090
1242403815569178626
1242405833494970368
1242405838012256257
1242409912153649153
1242413886374137856
1242418245753339904
1242420480042315776
1242422123311718400
1242425973200609282
1242426192751472642
1242430053566291968
1242430488259813376
1242430738949181443
1242430975361105920
1242433241321177091
1242433243259035651
1242433755467431936
1242433996065292289
1242434241356615680
1242434250026160128
1242434507187290114
1242436572378734592
1242440553356197896
1242444688847777794
1242444985049415686
1242448823219302406
1242452776401211392
1242454900996362240
1242455819859513346
1242457444120506369
1242457538689466371
1242457563691696128
1242458163921801216
1242462822635798528
1242463062541635584
1242465831755407360
1242466504278343681
1242468095475830784
1242470656970817536
1242471058604806147
1242472291038101504
1242472767607406593
1242473857589612546
1242473921355579392
1242475752005742592
1242476619249451008
1242477259711184896
1242478827516944390
1242479788566237184
1242480241131556864
1242480764463321088
1242482075019751424
1242482499277725696
1242483540417224704
1242485042712100864
1242485280520765440
1242486264693211143
1242489316632387585
1242491644441739264
1242496509909835776
1242497245561438213
1242498420474097667
1242498422827032582
1242499941374754816
1242500935034830850
1242500958539649026
1242501649614221320
1242502773494734849
1242505174188470275
1242506006984359936
1242506491959140353
1242510104399949824
1242511636226867200
1242514415368507394
1242514525238317056
1242518435990573058
1242518810609008645
1242522156161957888
1242522821533650944
1242526123218567175
1242526450881835014
1242526654540308480
1242526763965693953
1242526836258676737
1242528862648578049
1242531399741177858
1242533797641551874
1242535021501652995
1242536492951580673
1242538142311251970
1242538432607502338
1242539177318678528
1242542345859391488
1242543892429451264
1242544537333125127
1242545451766812672
1242546837476839432
1242552918374572033
1242553243181481989
1242554214020153351
1242555380431011842
1242556675846025218
1242558838987018243
1242559099935559681
1242559703575662592
1242562432981221384
1242565882418728960
1242566848220143621
1242568637145382916
1242569191967817732
1242570765494607875
1242571486478688258
1242571735242809347
1242573418064642050
1242575816501968903
1242575866045095936
1242576214553956354
1242576451079032832
1242577068094828544
1242578275924402176
1242578473224372236
1242580222832246785
1242584002759974912
1242585882676297735
1242586740667211778
1242587274304520192
1242588775668240386
1242592047875358721
1242594312099069952
1242600131414949890
1242602351661387778
1242603500804009984
1242606017856196608
1242606643336171524
1242609912791863300
1242613942997917696
1242614932883079168
1242617717166833665
1242620565640212480
1242621232618573827
1242624502766411777
1242628290847875075
1242628659695046661
1242632573299408902
1242635588815241217
1242636648115867648
1242642831702986752
1242646398190968832
1242650168438243328
1242654205111873536
1242658480131104770
1242660492537200640
1242662793440043014
1242666529000435715
1242668129932754952
1242670822667493377
1242674856459669512
1242676597146124288
1242679119273394183
1242680832596291585
1242683133922881536
1242686895274016770
1242687173582872577
1242690936603389954
1242691007101030400
1242691530499821570
1242695321530044416
1242695474102009861
1242699715667427328
1242700492041420800
1242703739963748354
1242707742168621058
1242711941224726529
1242716148145238016
1242720023627661312
1242723956651687937
1242727898970292225
1242731836217782272
1242736148755238912
1242740201803386883
1242744263240187904
1242748329123078145
1242752372536991746
1242756658339688449
1242761129790787584
1242765156817518593
1242767948189761536
1242770445952323585
1242774995455049729
1242780160929251328
1242780535254106114
1242784922353446919
1242788721524707330
1242792664812138496
1242796591377002499
1242798646602731522
1242800415072272385
1242803187553374209
1242806194332450816
1242809481374949378
1242811868806291456
1242816474382848000
1242818801051328514
1242819356968521729
1242821287657050113
1242823849869180928
1242824588964306947
1242829130418323461
1242831840127451136
1242832202922106880
1242833361313226753
1242833401733881856
1242835534650712064
1242836514083651585
1242837334804103169
1242837591575183367
1242838742475460614
1242840926504001536
1242840964047216646
1242841308689059842
1242841410824548355
1242841770976780288
1242841978892681216
1242843034460585985
1242844531458035713
1242845222176018432
1242845433355022336
1242845583217512449
1242845723554701319
1242845860213542912
1242847211848970240
1242851946823901185
1242852161811369987
1242854771511394304
1242858373143572481
1242859323992281091
1242861622227546112
1242862775824760834
1242863004447838209
1242863709954899969
1242863739164151814
1242864496898707456
1242864512384012290
1242866126813564928
1242867910814695430
1242867976526757889
1242869636183490561
1242870635916918785
1242870817530228741
1242871926688628736
1242872774546391040
1242873190310912000
1242873999929024514
1242874412791193603
1242874657323261953
1242876637328400387
1242877461215563776
1242879933023690754
1242880870538776581
1242884213034156036
1242885209739198469
1242885463461019648
1242885732634628096
1242886423734255616
1242886462439292928
1242889515796172801
1242890265804918784
1242891261633335299
1242893273317998593
1242895860150816769
1242897349036343296
1242899309500207107
1242900065762582528
1242902850268737543
1242906715890253824
1242907124247732225
1242907162529214464
1242907370474426369
1242909449737711616
1242910373956763650
1242914272423956487
1242914672359202817
1242915738643562498
1242916425972531200
1242918976558112768
1242919947279503360
1242921684841172995
1242924493049401351
1242924738080636931
1242924937997844492
1242929016413335554
1242930785843281932
1242932294958153732
1242932552949567488
1242934237269053440
1242935129779187717
1242938323557122050
1242938428066615296
1242939590798905344
1242940483070046213
1242940637034545153
1242942385736183808
1242944543043059714
1242945267235774464
1242947641794838530
1242948747899830274
1242949707032219649
1242950424220577796
1242956446796578821
1242960466038661121
1242964309862256641
1242964483758329861
1242964766513156097
1242970323752046595
1242974057953402880
1242977839936405506
1242979604383629314
1242980792713859075
1242982351237505025
1242986388099862536
1242989131275341824
1242989239697944576
1242989656020525057
1242993425361842178
1242994458909642758
1242995095671996416
1242995835086024704
1242997469522296832
1242999965443657729
1243005263667486720
1243009289377234944
1243010065424101377
1243012568823803904
1243015289131823104
1243015839844118529
1243022502043025409
1243026351516516352
1243029308538531845
1243030987518468096
1243035096229326854
1243036235209289729
1243040278522540033
1243043888668880898
1243044185911037952
1243044267137925120
1243048269397331970
1243052406709129222
1243055330281439237
1243056654033334272
1243061230769668096
1243065800258392064
1243069906167508993
1243074334719082496
1243078303675809792
1243082702284378113
1243086726362529797
1243089329074966528
1243094038066200576
1243098153349455872
1243102287507206145
1243106847143403524
1243111099576324097
1243114899187826688
1243118856320794624
1243124274640105472
1243129113365352448
1243133517665636353
1243139002321993728
1243139416048222208
1243143519654551553
1243144695439556610
1243148963877982208
1243149712917762048
1243151227174694912
1243151991163011072
1243151993406918663
1243152498883518464
1243152994218237953
1243152994226655232
1243153992076722176
1243156558562852866
1243158289623498752
1243160234685759490
1243161549172342785
1243161886822146048
1243163048078123008
1243167037486227459
1243170967335186432
1243172129434198018
1243176445423357952
1243179366349225986
1243183698972938241
1243186615121522691
1243188022033756165
1243189577931796481
1243190198114177024
1243191209373417474
1243191874766209026
1243194749001007105
1243195699480723458
1243198288104501248
1243199643640426496
1243202560032493570
1243205630007169026
1243207180695863298
1243207256864407552
1243208359563669504
1243210473069318145
1243211631137619968
1243212482061230081
1243217630493843456
1243220040268353551
1243224079898943488
1243224664345923585
1243226069622231041
1243226615561281538
1243227675784884224
1243227978852708352
1243227996271583232
1243230252157067268
1243236140167172097
1243237048452108291
1243237730076823552
1243239634567651328
1243241339275415553
1243241836719812611
1243243346249814016
1243244835089285120
1243245493024587776
1243245613820661767
1243246356929675265
1243246607182843909
1243247597558644736
1243248126389092354
1243250625858715654
1243255131514253313
1243255624600879104
1243256434139312128
1243257445088210945
1243257941819564032
1243258198976593921
1243261383749369861
1243263709033779200
1243266785979379714
1243268199283453954
1243268503886536704
1243269509881958401
1243269856839041027
1243270386248306689
1243270637898076174
1243272599955804161
1243276440008876035
1243281592732303362
1243283152619143171
1243284251476451330
1243286927752810496
1243289635566096384
1243289862779703296
1243291124380446720
1243293906441248769
1243295183539785729
1243298247466196994
1243300165827600384
1243302065583067143
1243303997408186370
1243306766441594880
1243308256497369093
1243311615836971008
1243314048869044225
1243326333964427266
1243328660599439364
1243331199201771520
1243332185991626753
1243332678163800064
1243336917514682375
1243340326959484941
1243342248793632768
1243343044067221504
1243344260650409991
1243346027215814658
1243347281333628929
1243349041611788288
1243351050830086144
1243352314829832194
1243354063183495169
1243356339679592449
1243359852455276546
1243362371176824832
1243364139327610880
1243366144502726656
1243368404481966082
1243369924753608705
1243372442363576320
1243375453018247169
1243377483434639362
1243379471341756418
1243380486644412416
1243381946568171522
1243385021479567367
1243385710368849921
1243388290834690048
1243391316383293444
1243393068784484352
1243394069507633157
1243396839040110594
1243398874997223429
1243402126878838784
1243405163131330560
1243408176881364992
1243408668621557761
1243411442100875264
1243414203966189568
1243416476456865793
1243420253524090883
1243422014557188096
1243424519760433153
1243427306875453440
1243427796711587840
1243432631007612929
1243436522885525505
1243437865377333250
1243438120105893888
1243442111787253760
1243445430429659136
1243448198087262209
1243448430183297025
1243448944199335936
1243452818113081349
1243457155870552069
1243459016052936706
1243460259722788864
1243464106163736577
1243468196566437890
1243472668952797184
1243476662542532609
1243479065685889024
1243479351640887296
1243479700724486145
1243481164050051072
1243485415149109248
1243485423571255297
1243489724934782976
1243490463279190018
1243495016456228864
1243495498067165191
1243500097549279233
1243500783527698438
1243505112498176000
1243506057437208576
1243506090895179782
1243506856816979970
1243508833521197056
1243510594373857280
1243514505465925634
1243518763762360326
1243519901807116288
1243524156379082754
1243528228884676608
1243532181110210560
1243535151340171266
1243535576202194945
1243535910941188099
1243537515417677824
1243539338840981504
1243541664045637637
1243546374156812296
1243547555734183938
1243550358900793344
1243550536651194368
1243554194566590466
1243556359834087425
1243556944310345728
1243557133565800457
1243557801470750721
1243558134473465862
1243562278768857091
1243564087247765509
1243565968305029126
1243566468933070848
1243566635501453312
1243569896304316418
1243572091074592773
1243572120552161281
1243572512467738625
1243576386125791239
1243576947407556608
1243577504088162311
1243577704752046080
1243579207466266626
1243580053654573056
1243580303865774083
1243585019706109952
1243585096390672385
1243585783610650627
1243588565231165447
1243589875875618816
1243591988399792128
1243592641066995712
1243593265733079042
1243594090819788820
1243594663669497856
1243594915864629250
1243596165561663490
1243598438136270848
1243598678692069376
1243599077922742274
1243599186089652227
1243602425270976514
1243603109752066052
1243603931038724101
1243606154644787208
1243607331981742082
1243609985050787840
1243610506566537216
1243612770043604993
1243616560750657536
1243619110782750728
1243619427507003393
1243620567581851648
1243620626436407296
1243622574745157634
1243624287954710528
1243628386918023169
1243629894036324352
1243631114209484800
1243632676298526724
1243633649666396160
1243634305093566467
1243634718790365190
1243635053151891463
1243636966719176705
1243637482534690816
1243637982873206784
1243639318276702213
1243639449260613642
1243639526205075458
1243640696143306760
1243644745764700161
1243645851878244358
1243645977334108160
1243646106044694533
1243646239289286657
1243646523331817474
1243650211676934144
1243651012117909505
1243651277160136705
1243651278560989184
1243651778316578817
1243652832600952832
1243654625322053640
1243657800615485441
1243657824011530249
1243659342731231232
1243660148633219081
1243660460261588992
1243680474796642306
1243681448034553856
1243681731443638282
1243682232432279554
1243689355409010701
1243696844624068610
1243704441502662656
1243711991581151233
1243716118713438209
1243719493882392581
1243723252301737984
1243735836111355904
1243741110637342726
1243741372034711552
1243741622937976835
1243742133460361217
1243742387240927234
1243748912877445123
1243748912890032135
1243748915184353281
1243748918367838208
1243748918384627712
1243749169480773637
1243749709468110855
1243753560971587584
1243757969105453067
1243761879304069120
1243765720414130176
1243769552430862336
1243773995519967233
1243777906951815168
1243779380817661952
1243783554250743809
1243787483575435271
1243791892866912256
1243796205815160834
1243800509095596032
1243804794508148737
1243809654284713984
1243813589468807168
1243819121692868609
1243824607003660294
1243830168688484352
1243835741907628032
1243841304859217921
1243847854042615816
1243853204061904896
1243857897961947137
1243863346832646147
1243870497072390144
1243874956338958338
1243878610227924992
1243882527116361729
1243886642517155841
1243890493353799680
1243894929258143745
1243899128578441217
1243903022197100544
1243904905624072193
1243908683492360193
1243912608270426113
1243916414160953353
1243918425715597313
1243922553422450693
1243926746564644866
1243931569036951552
1243935575960424448
1243938041468780546
1243939952553066496
1243941688638406657
1243944897855524864
1243945756257587201
1243947666104614912
1243950819659186176
1243951953807360000
1243956209541136384
1243960976145342468
1243966301925769218
1243971029548126208
1243975057468203010
1243977182143295493
1243981914366771200
1243986184218578944
1243986951981670400
1243991271800295424
1243995556504010754
1243997512727506945
1244001975634714625
1244006704725008385
1244009744156819457
1244015347268833281
1244021473683165186
1244026235799449601
1244028005153996800
1244032890427658245
1244037228659126272
1244044136853970945
1244048012596436992
1244050480554283009
1244051647766188038
1244055886521303041
1244059744920383488
1244064732543320069
1244068686115241984
1244068724484837382
1244071315461615616
1244072039327182850
1244076502888648708
1244079751087742979
1244084653423812609
1244088884935434240
1244089165882560512
1244089172446584832
1244089174145327104
1244089421730918401
1244089690631933952
1244089697661583366
1244089905933889541
1244089905992646658
1244090158552678406
1244090165385220102
1244090412828184576
1244090675043414016
1244092177875173379
1244093205232132099
1244097691698806784
1244097785110069248
1244099967515574280
1244112489815695362
1244112719810183168
1244112969027420161
1244116730454192128
1244120951970807808
1244125188029120512
1244130458029481986
1244134616455352325
1244142484114063360
1244157525643202560
1244172551523352576
1244187920350707713
1244199547901030401
1244218140533370882
1244233010653913088
1244240769206177793
1244244625336012804
1244246114695622657
1244250137138008064
1244250313508388866
1244252746800381952
1244253013671174145
1244254134569664513
1244255135091564544
1244256420171825152
1244258201526288389
1244259161585696768
1244259742912053248
1244261692114112512
1244262167089745925
1244264646128947202
1244265269901623297
1244266621847429120
1244266679351345153
1244268822883962881
1244273035114434560
1244277116138598400
1244281976397283329
1244287213514489857
1244291285067988992
1244291790955581442
1244296072094253057
1244297608614621184
1244299384663281664
1244299857000566790
1244302129516421128
1244304266086449159
1244308252751527938
1244312198522056706
1244316491782279169
1244317688073039872
1244321483255697408
1244325395056467971
1244329752841814016
1244333153541652482
1244337058061135874
1244341166524547081
1244344509061832706
1244348298418434050
1244352710423580677
1244356946024714249
1244361251800653829
1244366216854192129
1244371057143930885
1244375238764367874
1244379410389745666
1244379713734205440
1244382508881330177
1244384494590873601
1244387702247694336
1244388279161630723
1244388344936779776
1244392953075904514
1244393389132361728
1244393976846626816
1244397174772858882
1244401228030885888
1244405586298576899
1244409855206731776
1244414306327855105
1244419351761096708
1244423935971733505
1244428737984237572
1244432074335027202
1244435850001289219
1244439459308994560
1244444329135034368
1244448285512908802
1244454329806999554
1244457802489188352
1244458547263537153
1244464015490928640
1244474386394034180
1244478893945389057
1244482891775709184
1244487329022201857
1244491783725371393
1244496239854522368
1244500278814085120
1244504714206687232
1244504881680896000
1244509024588107777
1244513369165611009
1244517411166052353
1244521761422618624
1244526062387769344
1244529958220857344
1244533888724189190
1244538220274204672
1244539892983566336
1244544010317975552
1244560318652649475
1244564779722825728
1244569141614428160
1244573107605643264
1244577532051062791
1244580168779337728
1244584033222262784
1244587678630207488
1244587838114496512
1244592849817153537
1244595258572394496
1244599265466474496
1244599514255720449
1244603379264913410
1244613417245315072
1244617498131038208
1244619913484013570
1244622798120615936
1244623654643814401
1244625532274311168
1244627926949249026
1244628775834390529
1244631139463180290
1244632971883274240
1244632976174055424
1244634700519358465
1244636428673392646
1244638820915720192
1244643074141233157
1244645596557914113
1244646072149999616
1244646847282647040
1244648605648138240
1244656285548785666
1244658898629525505
1244662701021945857
1244663723555532800
1244664230223151104
1244665003095068672
1244665839296577537
1244666484346978306
1244669024300122113
1244673293044584450
1244673570355232768
1244677038948007939
1244678065378205697
1244678274711781376
1244679141343080453
1244679734174326785
1244680291232428035
1244680444978872333
1244681344258576386
1244681961479823366
1244682854052831232
1244684992371924993
1244685427493216256
1244685823896743938
1244686300436934660
1244690747108012034
1244694642295287809
1244695469852446722
1244699023866462214
1244700650568630275
1244704964422832130
1244705793469042688
1244707266802180104
1244707990655176704
1244708712645713920
1244710614792052736
1244714658889678849
1244719084429811712
1244720760490508288
1244721584734158849
1244721777995124742
1244724785877340168
1244724858791043074
1244726489452621826
1244731561393762305
1244731728327032834
1244735552479510529
1244735663460593664
1244736459397042182
1244739909438648326
1244740800120000519
1244744619805618177
1244748722921242631
1244749517024628737
1244752121842417665
1244755313544355841
1244759329355509761
1244764479444987905
1244766751251992577
1244768377035460610
1244772412568342535
1244776495932936200
1244780479389319169
1244780708603654145
1244784223673860097
1244788033611841536
1244792633718865924
1244794408064573440
1244797797070712832
1244798341906452480
1244799532434518017
1244802675033739264
1244807543148310528
1244807730034024454
1244808482517389314
1244809652094844928
1244813522749591553
1244814949823766529
1244821795888345089
1244827160885501953
1244832171778543616
1244836219781029892
1244836586942017541
1244837573865771008
1244839237230436354
1244843664599396352
1244847921264316423
1244851720800346116
1244855862310699008
1244860464372293633
1244864978999545858
1244869022975475712
1244872973351337990
1244877369447456769
1244881831671091200
1244883391193010181
1244887212354928641
1244891043008581638
1244891443971395594
1244892465020223494
1244893200302686208
1244897465742102528
1244901288682434560
1244905177934639104
1244908978276052992
1244912838814162944
1244916718356566018
1244917368180088832
1244921481550876672
1244925913030184960
1244929698976710656
1244933559871307776
1244937894931947522
1244942194894614528
1244946621403738112
1244950941566226434
1244955232938885120
1244956136702427142
1244958651955249152
1244962925368029190
1244963346442584064
1244967520722980865
1244971651177107457
1244973745384706050
1244974037022969861
1244977008897122304
1244977373310787585
1244978218022703104
1244984697488318469
1244987889055936512
1244988052524675072
1244988194300534785
1244988317516644352
1244989810042953730
1244990390652067844
1244993118212161536
1244995475431919619
1244996852707180551
1244998398207569921
1245001469314699265
1245005348412559361
1245005698326462474
1245007455861571585
1245011757996756992
1245011996845789184
1245013353942192129
1245013834294874113
1245014292140896263
1245015079550169088
1245015705424101378
1245016947433058305
1245019697692774401
1245020140300840961
1245020507512229889
1245022290468843520
1245024015015710720
1245027982768582657
1245030604510507010
1245033905884934144
1245034089612226561
1245035886590545927
1245037601947516928
1245038721004699649
1245041428591501313
1245042178440790016
1245045475700547585
1245045967751086083
1245046533529239553
1245047713739276293
1245048541447323649
1245050229545668609
1245051549736460291
1245053773183148033
1245055313541283848
1245059138960441346
1245059232002703360
1245059283877859328
1245063367645151234
1245065096973484032
1245065348027691012
1245065589649014786
1245069580357308416
1245070632896864259
1245072932449193986
1245076303835004929
1245078054889816065
1245082231971942400
1245082700513492993
1245082882525335553
1245083130312228864
1245083300584095746
1245087544930418689
1245090519711186944
1245092664359387137
1245094468895805440
1245096384245764101
1245098155634561027
1245098229110394880
1245100321560506369
1245100923355004934
1245101710676131840
1245103150945710080
1245103909347131399
1245104854474817537
1245105677938368516
1245107140928421891
1245109288290451461
1245110377962180617
1245111620507967489
1245113473740267523
1245115167412826118
1245116182627303427
1245118694465863682
1245122590580105222
1245124122704842752
1245128137802997760
1245131524443459596
1245135226944266243
1245138848402849797
1245140327335428101
1245143169664237570
1245144047871602689
1245146643541917696
1245150415425069057
1245153171976183808
1245154432662282241
1245156193414381570
1245157958050349056
1245159699147829249
1245161738284269569
1245163499292164098
1245165419633070080
1245165508565127168
1245167257828933633
1245169288325009408
1245171046099103749
1245173071973097476
1245176852223873032
1245179672188649472
1245183113078112256
1245184633085595648
1245188153910202371
1245191926074269697
1245195722443698179
1245199728868016128
1245204141930172419
1245207602918817800
1245209028239790081
1245210800677060613
1245214737429913600
1245219283334041602
1245223117057863680
1245223650258804736
1245227801894105098
1245231772641656832
1245236117001166849
1245237207272771585
1245240046644584448
1245241252775411719
1245243766816063488
1245247671771766784
1245251502119292929
1245255622838321154
1245257856431067137
1245261774791806976
1245266057830547456
1245269902056923136
1245269932398596096
1245271701304365056
1245272955325734912
1245277099704954880
1245280517509054467
1245282505734971392
1245284374951669760
1245288384920199168
1245292428250230785
1245297439797473281
1245302154291826689
1245302916283539457
1245307609810427904
1245311581455613957
1245315560122040320
1245319538251567105
1245321338513952769
1245325393659387905
1245326312438464514
1245329837377667079
1245333937838317570
1245335620911804419
1245342180396408832
1245343606464024576
1245344313170632704
1245345198793723904
1245346698202959875
1245346950762975232
1245348540462792711
1245348708083998720
1245349067129065474
1245350963969495041
1245351229741547522
1245355736957366272
1245359766500753408
1245361514183262209
1245362473353588742
1245365567328071692
1245368839887630336
1245370572738932736
1245371578759688193
1245374393276076032
1245376004778008578
1245376660607811584
1245377914750873601
1245378361570078720
1245379252410818561
1245379379108220928
1245381022881103872
1245381321825964032
1245383216665702406
1245383230695620610
1245384911885828099
1245385604415852545
1245385711274115073
1245385758594101248
1245386320983330816
1245386946614112257
1245387537931210752
1245390218657701888
1245390640655093762
1245391271834931203
1245392587055345674
1245392761693581312
1245394265112489985
1245395795580456968
1245398726841163777
1245399314219892736
1245401420867698693
1245404351717400583
1245406077941841920
1245409157861310464
1245409594807107585
1245410573384384512
1245410894282207233
1245413831414886401
1245415171453050881
1245415476479635460
1245415749944033282
1245418414828597250
1245419922253103111
1245420688791519237
1245423860851388418
1245424078833532929
1245425727471865861
1245427726183469063
1245431830008004608
1245437059390681089
1245438252892532736
1245440098759593986
1245442767343493120
1245446847277268995
1245448878117343232
1245449142815600644
1245450025716465665
1245450626353508353
1245452152446869507
1245452643838889992
1245453400193380353
1245454156925632514
1245455164531671040
1245458764993630209
1245460702795575299
1245463504913645568
1245464127155384320
1245464841600430080
1245466476003368960
1245466722351677441
1245467241895911424
1245467994605727746
1245468710342721536
1245471041121640455
1245473782426468352
1245479543814737923
1245482803346788352
1245485232503042054
1245485733302976512
1245486579340259328
1245487649344937984
1245488149670825991
1245491902234927106
1245493920341143553
1245495884663717890
1245497700738629634
