1234993041812815872
1234993626112909312
1234995263992778752
1234995334511611904
1234996066367373312
1234996319774593024
1235000456201621504
1235009369063989248
1235011641458274306
1235012729209053189
1235025746071937024
1235030156277714945
1235034297301692417
1235034801482215424
1235042198636249090
1235042544913797120
1235046164287766530
1235048013485096960
1235057068047880192
1235058368152096769
1235061148417789953
1235089013519704064
1235094786576543745
1235102503458357248
1235107830408998912
1235108081429884928
1235113701184696320
1235123001651163137
1235144634780745728
1235150010158850053
1235153322644066305
1235158323600789504
1235162017360728066
1235163083154305025
1235167884118196224
1235169016299376647
1235177410485768194
1235181157622386689
1235183626691764224
1235192846875004928
1235193465505538049
1235200089049661440
1235208425623228420
1235213159318859776
1235215180017160192
1235217236752830466
1235218842915418113
1235222287751819264
1235222406517739521
1235224925792866310
1235228147983028224
1235230365062750209
1235231973863497730
1235232456917291008
1235236891496153089
1235251755602059265
1235253183569629184
1235260215555248128
1235272968663683072
1235299267444649986
1235310891962376194
1235310954499526656
1235320221252149248
1235333047819612166
1235336942751010818
1235354876483383297
1235367544200060930
1235369233669861376
1235371517518569472
1235379465695440896
1235423019222192129
1235447926257864705
1235470368237854720
1235470835386912768
1235477167670099968
1235478828644020224
1235483126693892096
1235483710767501312
1235483715440201728
1235483719231815680
1235483723036004352
1235483727008063488
1235483730271178752
1235483733458710528
1235483737351168001
1235487343882186752
1235492782778826752
1235499755360436224
1235509108536680449
1235529782667902976
1235532789241397250
1235538935335419906
1235541145448521731
1235543952092209153
1235546071742525440
1235557986602487808
1235560915824599041
1235565508679868421
1235570849073238017
1235572533665153026
1235577625512497152
1235585967991296001
1235594374718861312
1235596363699752961
1235606016101883904
1235608212902162432
1235608792840060928
1235609964804296710
1235609977815027712
1235611558169980935
1235616366834704386
1235616394592600065
1235618781579415552
1235632681976836098
1235633108378148865
1235649074403082245
1235649158649913345
1235649790190350336
1235653010497458177
1235658321207623680
1235663556638437376
1235672257944567808
1235675054182199300
1235681622248353798
1235713128056475654
1235716161561456641
1235729961606053888
1235741967117627393
1235744354213318656
1235745631878008832
1235759239911571456
1235789082816663553
1235800163022770176
1235823067974135808
1235833094663327745
1235838940403253248
1235853841947447298
1235853904878825473
1235873109124820992
1235875304150913030
1235878669622616066
1235881130311761920
1235887633001320448
1235888064775491586
1235894752358412288
1235895378337304576
1235901469766926337
1235903353667928064
1235908924626386948
1235922921543131136
1235926850775498752
1235945354857758722
1235945534340378625
1235946104832905223
1235947262553010176
1235969597137973251
1235969808052768768
1235977126219825152
1235988084694622208
1236006123104239616
1236007137941303296
1236019561071136768
1236033067795599361
1236039177793306624
1236048844993032194
1236056559710584832
1236061325102583809
1236084036583526402
1236084036885450753
1236084579641036802
1236087532409901056
1236098856368181248
1236100024829980673
1236113082457391105
1236208021237370880
1236236198378643456
1236246647912501248
1236251042658029568
1236287338327744513
1236297587621335041
1236297612984287233
1236315636520955911
1236316764662829056
1236333032623296513
1236367852032098305
1236429121384824832
1236444724699029505
1236445947544117248
1236448398422749185
1236449523402227712
1236456679782440961
1236518999757852673
1236566061392310272
1236589310759055361
1236610349522092034
1236611960864636931
1236612952746340352
1236618794229006336
1236622597745508353
1236648920559820800
1236668914949664774
1236687667129171971
1236709554597101568
1236727857675632647
1236805218416971778
1236807911478890496
1236809045849378816
1236813862864916483
1236841823605325824
1236845411706580992
1236866128275742720
1236886685511815169
1236901543745650690
1236924840843587584
1236927616638205952
1236942906642108416
1236944951218487296
1236946172574674945
1236950349963046912
1236958189054296064
1236967203704057857
1236976412076228608
1236982040161128452
1236982293987840000
1236983347487834116
1236988108396277761
1236990806013214723
1236995210883862531
1237002963631190018
1237005976676585473
1237006988216803328
1237007520901804032
1237008255366369283
1237012570516709377
1237017303830663168
1237024114126315520
1237026556662484995
1237034178996310025
1237049434883702784
1237049956269244417
1237055777514442752
1237059862258999296
1237070540168364038
1237071056248209410
1237079059789725697
1237079818656796672
1237085199592312835
1237104009611223040
1237108636968763392
1237117940207693830
1237130897826164736
1237135613146664960
1237146238925049856
1237146247477317633
1237161840859320321
1237186728730951680
1237238522366570496
1237248587005902848
1237281386131841024
1237282078351331328
1237287900238229504
1237295050566090752
1237299857481662464
1237300390766563328
1237309222892732419
1237330764104118272
1237339668032741376
1237341164740775941
1237347383345897477
1237347969466281984
1237352258561609734
1237352493073473536
1237357766760595456
1237361012577308672
1237362668626944000
1237371020098625538
1237372259687374854
1237380154000838656
1237380952151728129
1237382988268257281
1237390034950434818
1237392827736190979
1237412169483943938
1237418424109797376
1237418433001684992
1237424917873901568
1237430616154669058
1237433572983746565
1237438048402640902
1237445099837100032
1237445256393654273
1237464010368450560
1237472992956989441
1237487980081827843
1237490644983169036
1237499975317291015
1237512507381538816
1237512831723061249
1237513919775657986
1237514882590879745
1237529178485878790
1237529554131898369
1237531455376384000
1237533865847058432
1237537971265388549
1237543887519940608
1237547767385305089
1237568412911464450
1237570081309114368
1237588942183993346
1237590522132197378
1237632129628090368
1237640362652549120
1237644327578488832
1237661141352013825
1237671310160998406
1237673117197180928
1237683991664345088
1237693310044684288
1237698234958712832
1237703447962628098
1237711913682964480
1237730146041430016
1237756863569149952
1237771697484333063
1237779419810467840
1237784157666914304
1237789811236376576
1237802501950357504
1237803410143010817
1237803643824492549
1237810280077410304
1237824086933483520
1237836101815078914
1237845172651577344
1237849699333201922
1237851893428129792
1237854071811272704
1237862928793006080
1237867823529177088
1237873522707279873
1237892445284655106
1237893793703059459
1237893793841475586
1237894519825108992
1237895080305778690
1237908176240025605
1237910042969587719
1237925108150394881
1237942665196568576
1237948294657183751
1237949101154713600
1237990306211139585
1237994453211713536
1238007063902593024
1238009338716983296
1238016012945154048
1238029624048836608
1238032252522639361
1238037110843682817
1238041146451992577
1238041970435637249
1238043023260467203
1238043830198427648
1238044007495852034
1238055554737733632
1238059779463020551
1238059831392710658
1238062458817908738
1238062720110538759
1238067162964799488
1238068208025907200
1238068444026863616
1238081000539906048
1238086831784316928
1238096209631481858
1238096560170446848
1238097578476142592
1238097749716992001
1238098630579556352
1238104233620246529
1238112960977014786
1238113948513243137
1238131622236618754
1238134937628413955
1238135433571241984
1238136445837197314
1238138208602533894
1238139692694061056
1238141706224242690
1238143020232577025
1238145935651352579
1238148621641678849
1238156076408856577
1238160997812187138
1238163473567277058
1238165214140542984
1238170750487605250
1238201465941999622
1238208011912523776
1238211219263295489
1238219323694624768
1238230606552674305
1238233286209679360
1238244840665686021
1238256906256474114
1238257487901413376
1238258136315834369
1238260681344004096
1238289900971188225
1238313917564231680
1238369538799996928
1238370227890552833
1238379122063282178
1238383063761108992
1238389717298745345
1238395389734256640
1238396100798799876
1238408252616060928
1238412850005184517
1238416962927104000
1238419782371889153
1238421681439412224
1238424367664705537
1238428748237725696
1238434350095622151
1238438966766047232
1238440665102548997
1238442066713235458
1238461455558758402
1238465464675811329
1238466418691248129
1238467473940393984
1238467987721592832
1238468689168662529
1238471213325922304
1238471689668788225
1238482694096539648
1238487253187518468
1238487546474233856
1238487567076556803
1238488504772038656
1238488822956077056
1238489602689830913
1238490039841103872
1238490847668252675
1238494639906316289
1238495129742295045
1238497669028417541
1238498775276150791
1238503780087455750
1238504657116434433
1238505542253006848
1238507449088380929
1238507690537730048
1238513918651359237
1238515181174632448
1238517302892605440
1238520048203059200
1238545219202711552
1238547229947944963
1238550999238873088
1238551147574693895
1238560533894365186
1238575693614788608
1238580828218802181
1238584285252194304
1238598482765717511
1238601627533291520
1238630814008647680
1238642422978170880
1238682299891437568
1238700893014548480
1238745259443658752
1238778693390139393
1238785072632913922
1238790883581009920
1238799856443035648
1238809881840402434
1238813634865872896
1238815841245937664
1238830353785257985
1238837353642364928
1238841223932190720
1238842853981388802
1238853055153569793
1238853821956325377
1238864959850889216
1238870609980985344
1238871175511650304
1238874261269426177
1238880274953506819
1238902124429430785
1238953806970474496
1238982651433926656
1238984507296006144
1238989338127581186
1239005489914142723
1239058820380459008
1239087672561487872
1239122528985063425
1239124860510646275
1239128502928052224
1239130221904887808
1239130242549243904
1239144326313148417
1239152465817321473
1239153282725171206
1239159891706687488
1239165661051604992
1239168625984049152
1239179956988645378
1239181075152330754
1239189780937744385
1239199175683772419
1239204908794097664
1239214217674346497
1239220877549600770
1239243558349090817
1239245273559334914
1239252487091245058
1239258514327064578
1239261669731205120
1239267152546467843
1239313644200099841
1239327221057191940
1239343397720199168
1239354814330437632
1239374347632095232
1239415503006896128
1239429860411539456
1239447977099513856
1239472984311705601
1239483006458515458
1239494335881715713
1239494953228816384
1239497247089451009
1239504832563687430
1239505110822260737
1239506616740990977
1239510417086521344
1239511521862070272
1239513904847478784
1239524022670557187
1239525496137940993
1239529655008464897
1239543616823013378
1239556524634185728
1239556959549952005
1239562477584744451
1239573777459154945
1239576265566404608
1239578154999656448
1239583228555603969
1239585673151209473
1239586875288977409
1239588498593775616
1239600687635447810
1239621137220489219
1239625544016310274
1239625569899339776
1239626163821195266
1239626258817957890
1239636362464198657
1239644212242628608
1239644995344314370
1239655960072859651
1239659388962508807
1239666035491569664
1239668019078598658
1239685050771308544
1239699161232084992
1239705377824018436
1239706518733369345
1239706518947270656
1239739079031500806
1239755834265133062
1239766871773253635
1239772067781840896
1239810701880897536
1239814513735675904
1239820091526713345
1239824485869551617
1239830658702336000
1239837531996291072
1239868213170769920
1239872573812457472
1239881396329603072
1239895221598552065
1239906953503150080
1239907074999562241
1239908976323637249
1239912294013980678
1239915457269940227
1239917757401124874
1239920562786439168
1239940900677136387
1239956080446193665
1239969810110271488
1239971194683584513
1239972729735938051
1239977619367567361
1239987398710382593
1239989041845743619
1239989171571302400
1240017669035876355
1240022465226702850
1240032527655546880
1240041397304070145
1240041442971652096
1240046027199197185
1240054614562660352
1240067677953110017
1240070040751308801
1240071869543440386
1240074811436662785
1240083740841435140
1240086697284718593
1240112714275528705
1240121518308417541
1240123827805392896
1240180752857341952
1240207951618625536
1240217395928711169
1240223375479517184
1240227214404341760
1240232279882051589
1240237032955416577
1240239295971106822
1240242556925087744
1240244587433807873
1240245886422323201
1240245966097264641
1240246343446269952
1240250871654551552
1240255717208137730
1240273803734921217
1240283838741389313
1240285752690442241
1240287548141907974
1240289870674788352
1240293162209460230
1240295916042702850
1240297942369656837
1240301944859693056
1240305478393085953
1240310781692055553
1240313041704628224
1240315773786238977
1240316843551797250
1240317445690327040
1240317531518312450
1240319613830905861
1240324868828258310
1240336611298115591
1240336654201692160
1240346034720694273
1240389313768144896
1240389701133008905
1240392789134921730
1240405862629416965
1240406158659158017
1240423585992368129
1240434017322835968
1240455794488942595
1240456924975583234
1240462077132709890
1240464904521474048
1240465483662528513
1240490547527200768
1240496796956274688
1240523081145298945
1240580733296472064
1240584969019424769
1240585187119058944
1240585853279354880
1240589419582816257
1240590409992151040
1240592876872048640
1240595645267918849
1240599657102835713
1240601180058857472
1240603438574174209
1240609653953880064
1240628351229927426
1240634405565149184
1240640217314361345
1240643748721287169
1240658866720976900
1240667436417978370
1240668396208951300
1240670782541398020
1240672973327077376
1240679612784541696
1240680415624679425
1240695985463947269
1240709622861709312
1240728392900718593
1240753245796139015
1240776034548690950
1240792334402543616
1240800402066608128
1240802789107916807
1240810408165982211
1240811658274131969
1240811658282500096
1240823241452773377
1240826056124387329
1240897980489773058
1240908889345925120
1240923203867983872
1240939025013395457
1240942173333454849
1240946926687784962
1240952012356964352
1240954137564647424
1240960648433086464
1240966903276933125
1240967571601489921
1240970039752359937
1240977648035258369
1240984708336492544
1240986059984560130
1240986822370643971
1240990899141857280
1240993626181775361
1241000113411108864
1241005457080229888
1241009337490948099
1241014321066409986
1241019314477715457
1241023215058718722
1241036060467105794
1241040342218166274
1241045109904465921
1241047622850424838
1241072766440398849
1241105733824864256
1241115141892079618
1241126573107023878
1241158895671926784
1241159464297861120
1241160591705767936
1241231976771858432
1241254623991791616
1241279522256965632
1241298989691154432
1241299008586485761
1241312731359260674
1241326889135939584
1241327105511690242
1241329707041394695
1241362927850074114
1241375513610014721
1241382155487449088
1241387817357451264
1241411919543775232
1241416009392820225
1241442143677317126
1241458729129836544
1241473591482486800
1241477704798605315
1241482660222054400
1241485797079031808
1241501527329693696
1241510997266968577
1241517540481863680
1241517544130953221
1241522843868966912
1241548518822760453
1241568319876091904
1241592134312099840
1241642635632218112
1241664081997824000
1241672714827583489
1241673543450013697
1241682167161409536
1241683291683635200
1241688547050106880
1241692833716867073
1241700305047347201
1241705876681089029
1241709750192156673
1241754942764974084
1241764534639112192
1241770652467630086
1241778006433169410
1241786664919404544
1241788481866792961
1241829519461400576
1241832135704666115
1241835964248592384
1241841770503290882
1241843369887911936
1241862958982053888
1241887113999790080
1241893198148091904
1241893863561867264
1241898942155100162
1241934312452378625
1241953627234844676
1241987615412359168
1242003737419419656
1242017054435225602
1242017240884617216
1242020546239496194
1242021104987901953
1242030586870415361
1242042104676786195
1242046061893599235
1242047611470839819
1242054858619977731
1242059926656159747
1242069674130640896
1242076008947372032
1242083138215559168
1242088816166518784
1242091227820052481
1242099109244346368
1242100484745375751
1242101398768058370
1242102043352891394
1242104440905179138
1242105947822141441
1242116685349486592
1242120788364361729
1242121428738215938
1242139042021617669
1242142133865381894
1242143943346786305
1242144425301729289
1242147131634462721
1242151405596684288
1242157281921376270
1242189374374150145
1242192964459417603
1242223304380944392
1242241993138454528
1242243127643119617
1242247085552029697
1242249371502157824
1242343933600059392
1242344507074641926
1242345637447979008
1242363967101681665
1242364017781420032
1242371689578725384
1242378574063112192
1242386995764174848
1242394940690350080
1242398579198758913
1242410929901445123
1242415212717899776
1242430315743887360
1242433944181714951
1242434258397999104
1242434309841133569
1242435157920972801
1242436984162967554
1242438285395460098
1242439016026386432
1242441147529732099
1242446023987023872
1242452469831131138
1242458565136302099
1242467094660362240
1242476082709790720
1242478868814053376
1242480019861123072
1242482221426061312
1242488982916775936
1242499097094995971
1242500072664899587
1242507032739172355
1242512989581979649
1242516722185383942
1242529170300841986
1242542853047402496
1242543998012665856
1242546306247254016
1242586668877529089
1242602591885942784
1242608227407351808
1242645120756912129
1242663381691179011
1242670600256131072
1242727777117356034
1242737044557791232
1242737071485259776
1242741082909298690
1242741112722329600
1242763462176112642
1242767879658967040
1242772295959134208
1242779190790950912
1242784862672691200
1242790256686043139
1242795319169089537
1242802010304524288
1242806780188602369
1242808883401326599
1242811308304719872
1242816669820518400
1242818406958739458
1242819130488741890
1242819957827788800
1242820425744252928
1242827527573385216
1242828093276000262
1242828920644423680
1242834510129102850
1242844006700273665
1242849924645040133
1242851854515609602
1242854959412137987
1242859228903112704
1242874639254261760
1242894024681426955
1242912245274869761
1242915604283011072
1242935477180731393
1242943402678812673
1242943402808877058
1242943550582591489
1242965495663546368
1242966051425529858
1242966051501023232
1242967363336667136
1242968892697387009
1242988892426342400
1243033512044900355
1243060121837674496
1243076020770689025
1243078315197583360
1243083811996524544
1243089682738622465
1243094840323248128
1243106035704963074
1243117172127391744
1243121128958234624
1243123493228642305
1243126533176332289
1243126711266562050
1243138839520165889
1243138993933467648
1243146258233131009
1243150832843001856
1243152346558988288
1243160774543056897
1243161783914967041
1243165234346549250
1243170087605096449
1243172917095120898
1243180481278914561
1243187912788844551
1243193380500373504
1243196212544770051
1243200392860745729
1243220301430820864
1243220554066415616
1243220658810650625
1243221481980604418
1243222458360123392
1243256407136272392
1243264537064808451
1243269241052319744
1243279395097317376
1243284604964024325
1243286594586660872
1243296638149500931
1243306429332828160
1243307630426234880
1243327448474890240
1243327448491704320
1243330821081255943
1243332541345562624
1243333114186928129
1243339340668903424
1243345568711180294
1243347276107579392
1243365394393362435
1243379539423531013
1243396567958089730
1243434694911418369
1243478509575639041
1243480774902505472
1243490021103013888
1243494620530606080
1243497970349342720
1243504572020281344
1243507885281247232
1243508210025336833
1243511223297224705
1243528768393818115
1243531076196237314
1243533335877615622
1243557676119965696
1243565080572289026
1243565172922425345
1243578613724831746
1243595780583194626
1243601329102163968
1243615442444390402
1243622166513569800
1243625732196229120
1243626619102773249
1243634445418213376
1243644695479279616
1243647497697984512
1243651615422328834
1243656998857687040
1243663595629510657
1243681959303405568
1243687862891098118
1243690303086907393
1243690864846819331
1243691444050759687
1243697108697468928
1243699386149896194
1243710201590620160
1243723231208640513
1243782181819944960
1243817286022168576
1243817319429746688
1243820699283841024
1243887542262534152
1243897178520719361
1243897184187289600
1243906034181246978
1243924634870919170
1243943008002867201
1243955615862607873
1243965952405929986
1243976655502180353
1243997418695376898
1243998992687673344
1244012348056186882
1244016787634761728
1244063663390105600
1244070460641480704
1244082354458636293
1244182478774034434
1244218867490095104
1244227919116992513
1244241501418381312
1244260635405361161
1244263366530646017
1244295582975504386
1244316029397938178
1244331691147223042
1244360715428933638
1244367071456174081
1244391744839581698
1244460158627000322
1244477740226674688
1244494162302570497
1244526634021146624
1244532447485837312
1244554326212775936
1244559809296371712
1244565149639495680
1244566252347109378
1244567266202615809
1244573468542337025
1244574450227523585
1244577036758384640
1244579569056784384
1244584309115236352
1244587636892864514
1244597106096177152
1244597355036446722
1244598914973564930
1244598938491129856
1244611201830715392
1244619290944385026
1244626367762833408
1244629517836193798
1244633403393261568
1244634235568377861
1244634286617235463
1244638126238322688
1244646331664211968
1244651748431728643
1244655122703097859
1244671547845025799
1244671591474135040
1244676130076065793
1244676242454044676
1244695253556383744
1244699301982461953
1244702997944418304
1244715830992154624
1244720407388860427
1244760347774537728
1244768848756211715
1244809051369865219
1244811312770801664
1244813025414176770
1244838534487461888
1244867953667067904
1244891695470256136
1244891918120747009
1244893770723799041
1244898248680235009
1244901648897642497
1244903522333753351
1244911524721889281
1244920130678784000
1244921231046041601
1244926303461138432
1244929044602335236
1244935196920688641
1244935479918833666
1244945228555005958
1244949288456773632
1244950650489835526
1244963106939449346
1244965924765130753
1244969493841022977
1244974934952226818
1244977472514469888
1244978669199581184
1244978838347616256
1244979233602056198
1244982051100602371
1244985562068594690
1244989458711228418
1244992233973186561
1244998950517706753
1245003505791905792
1245006561384083458
1245013628648120321
1245024006434144256
1245029153298096133
1245053464683728896
1245069307215839232
1245076846422736899
1245100571423584257
1245119996692496398
1245124538968477698
1245126804811198464
1245128476547600385
1245131326509981699
1245163053299240962
1245266532172812288
1245275275203657728
1245281184155869184
1245285457765728256
1245285969735102466
1245289147545370624
1245291852217094144
1245292550258384896
1245293283066118148
1245297780005928962
1245305371440414725
1245307009228066816
1245309960256401408
1245314118237773824
1245315108680667137
1245320964524724226
1245322773033033732
1245323847877955587
1245328239876362240
1245330541131464706
1245339621363453957
1245340503396233218
1245361816852738048
1245368587344326657
1245369522896371712
1245373272423792642
1245375791929704448
1245378193537798150
1245383132599255046
1245384621778448384
1245385031297662976
1245392382503370752
1245401299815972864
1245401775433269249
1245406689471463429
1245408572382609409
1245409321103523847
1245432678779883522
1245451905360330754
1245457691377635328
1245493347097116672
1245496227841572865
