1234992014971691009
1234992106160046080
1234993787220328448
1234995919252144129
1234996503925575680
1234997016129761280
1234997889870336000
1234999634944126976
1235002042541920258
1235003279383416835
1235003297121153025
1235004549179592707
1235005816362672129
1235006358140915712
1235007186469781509
1235010466197442563
1235011177958301696
1235012117532749825
1235013436305788931
1235016355176472576
1235016480556806150
1235019576972369926
1235021250323517440
1235021600367366144
1235025067521617923
1235027203785539584
1235029726466420736
1235032012085288960
1235032246135947264
1235033004701077504
1235033893725667332
1235034347218100226
1235035682508361728
1235036962706333696
1235038556604624897
1235041606576869377
1235043648376463362
1235045969139392512
1235049292244512769
1235051073183850497
1235051467460886528
1235052126566354945
1235054649578647552
1235055353877925888
1235056710101938176
1235060510573416453
1235063440634339329
1235063687259385856
1235065201700909056
1235065992524558336
1235066217293111302
1235067477366693888
1235067717582876672
1235071237459546113
1235071580767567872
1235073618809249792
1235076517719351296
1235078987480588288
1235079487697502210
1235082636176969728
1235085323274612738
1235087080381747200
1235088860322779136
1235089869099208704
1235093644064907264
1235094970874433537
1235097090079862784
1235098023161745410
1235101433525043200
1235105473130463234
1235105707034152962
1235107338320613376
1235109234582450181
1235111761763635201
1235113011926327296
1235124856586461184
1235133097391394817
1235134919082414080
1235137172031844352
1235140193407111168
1235142702066524161
1235144207251144707
1235146330474938368
1235147616494772224
1235149729027289089
1235151409018023936
1235153076526493696
1235154345777418242
1235156467495374849
1235158576416649216
1235159879255552007
1235161166319673345
1235162480348930050
1235163846333149185
1235164730538553344
1235165636764061697
1235167011984093185
1235168415071047685
1235169824680140800
1235173189254340610
1235174766631415810
1235176934964957185
1235180750166724609
1235184489506246658
1235188275725447169
1235192043175112706
1235195842979602432
1235199601696804867
1235203386989072390
1235207126949261313
1235210913793396736
1235214696195780610
1235218470406680577
1235222246777655296
1235224749980213250
1235226072997908480
1235228568541687813
1235232217363816449
1235233692727021569
1235236077461557248
1235238701581684740
1235241144369508352
1235243646913523714
1235246134064488448
1235248693453959169
1235251176049987590
1235253690619092993
1235256221776711680
1235258737235025920
1235261242442424320
1235263798564417536
1235266287263248386
1235268795154993153
1235271334290223104
1235273817045393408
1235276345837572096
1235276766501101572
1235278921446363138
1235281379849637889
1235283888513089543
1235286439220387841
1235288935766593539
1235291439875137536
1235294014066364424
1235296478362513408
1235297594089312259
1235299000741433351
1235299504208965638
1235300214870855682
1235301075940503552
1235301532398243841
1235302948336472064
1235304035776942080
1235306530003701760
1235309092287188996
1235311202412244997
1235311586396573696
1235313403796873217
1235314088470818821
1235316640826482694
1235319137368449025
1235321637408514048
1235324172517208064
1235324246202736645
1235325846581321729
1235326361079820290
1235327356711194626
1235327434960121858
1235328350014582788
1235329077155966981
1235332439557451777
1235333180187717641
1235334277946056706
1235334522536853509
1235334997734719488
1235336926196051968
1235337518851248130
1235339017195081728
1235341781740515329
1235343371549503490
1235344303586672641
1235346812090953728
1235346973005406208
1235348516781936641
1235349323937959938
1235350679805399044
1235351115513901057
1235351446809456640
1235351844811149319
1235353100661256195
1235354391370182659
1235356878886105090
1235359394025660417
1235361921806864385
1235364426259324931
1235365689373884416
1235366125220827137
1235366823480131584
1235366939893157889
1235370067786739712
1235370698136305664
1235371553296179200
1235375243239329798
1235376261918228485
1235377254189993986
1235378487072092160
1235379872291262464
1235382220774391808
1235384266122379265
1235385498467786752
1235385799295864833
1235386457918967809
1235387194296225795
1235387706265473024
1235388122948685824
1235389854722252800
1235391095460290560
1235394534617608192
1235398631374508033
1235399690318905344
1235400370299580422
1235400664123142151
1235401191791775744
1235402242603261953
1235403053798510594
1235403641542057985
1235408288038219777
1235411548840980480
1235412277227966464
1235413007087304704
1235415010337226752
1235415747100278784
1235417696100962304
1235418770312585216
1235421232377540608
1235422554430394368
1235426332806430720
1235430109059964928
1235431866792054784
1235433884243787776
1235437647289626625
1235439435430473730
1235439660530307075
1235441430904164352
1235442183848812545
1235444438593425409
1235445197900660736
1235445971011551234
1235448976155054080
1235449739971145738
1235449980644663296
1235452752580489216
1235453258493087744
1235455259625115648
1235456516276113409
1235458538593497090
1235460288897593344
1235462064036069376
1235464071840964610
1235465584541749248
1235467866310393862
1235469861540655112
1235471626235310080
1235473586749464578
1235475411284430848
1235476912274837505
1235478538947608576
1235480131516477440
1235481750828130304
1235483369116401664
1235485004404117504
1235486288993832960
1235487591564181504
1235489732240510976
1235491801944846336
1235493393448361986
1235495003704655877
1235496650828730368
1235498306098393088
1235500365606522880
1235502038068400129
1235503693254078469
1235505807170490369
1235507075570184193
1235508731049373697
1235510377967828992
1235512042938908672
1235513717493829633
1235514642694320129
1235515399665405952
1235517072517541889
1235518760339099653
1235520494335475715
1235522183075684353
1235523920456974336
1235525215859478529
1235526511664533504
1235526627972583425
1235528258197655552
1235530515257741314
1235533033589141504
1235535559243661312
1235536317376847872
1235536649662185473
1235537809177481216
1235538072130842624
1235539393374572552
1235540671492239360
1235542785840820224
1235544964014190593
1235548129186811905
1235550711515148288
1235553172363644932
1235555684491636736
1235558220049059840
1235560686752862209
1235562021271175178
1235563235262320641
1235565749810364416
1235567800900636683
1235568525470646272
1235571867483766785
1235574839114686464
1235577574283149312
1235580754702340096
1235584355294236672
1235584428883181568
1235585886236160000
1235588407054798848
1235590926346698758
1235591778226536449
1235594637869342722
1235595953727574017
1235598180181409793
1235601260734185472
1235604707781079041
1235608903024611334
1235611097174020100
1235613565098262535
1235614022642196480
1235616966662131713
1235619879824261120
1235621101012688898
1235624518854627328
1235626175151644673
1235629377720905728
1235632306813120513
1235634253297111042
1235636460017061888
1235637402301067264
1235638720948097025
1235641254320508930
1235641303003803650
1235643771653627908
1235645022273523712
1235645325056053249
1235646285182644224
1235648808291352579
1235649332495319040
1235651308461395968
1235653828306800640
1235656398006095878
1235658857793417223
1235661385775775745
1235663911325773824
1235666677192437762
1235669078137860099
1235672106685394950
1235673964002897927
1235676474163658752
1235679012556615680
1235684028386357248
1235691489247797249
1235693804897947648
1235697761258860544
1235701665321410561
1235704084524601345
1235705417629609984
1235709247721271296
1235709466286448640
1235713224487518208
1235716311688208384
1235716801994076160
1235720485884899328
1235721480140468225
1235721786945396737
1235722466028171265
1235723612469915648
1235724778260041729
1235725804082024449
1235727116488052737
1235728309717098497
1235731143900778496
1235731453968887809
1235731866403078145
1235734880069312513
1235735114765799424
1235735867051962368
1235735998279098370
1235736254953574400
1235737306817941505
1235739874067648512
1235741650120568833
1235743485405339648
1235744349750779905
1235745658323079168
1235746114063736839
1235746823504986113
1235747798764552192
1235747815713689600
1235748060719915009
1235748314445795330
1235748631426277378
1235748691660681218
1235750368434364416
1235754525417295872
1235754588382408704
1235758877309890567
1235759748567445505
1235760814394667008
1235761051225993217
1235761322178080769
1235762048929271809
1235766070935502848
1235769190394613762
1235777401210232835
1235777433967738880
1235778739084161030
1235779243063283714
1235781169683275780
1235784942677905408
1235787048222699521
1235787227436904448
1235788723771576320
1235791724255088640
1235792489451266048
1235794264912728071
1235794899179638784
1235797015902253057
1235798793024614401
1235800033582288897
1235803812620890112
1235805828755730432
1235807589268705280
1235809102795702272
1235811363043209219
1235813379219943426
1235815156476604416
1235818921845907456
1235822695763202048
1235824203984584706
1235826477267992576
1235828232416444421
1235830245040635904
1235831511842095105
1235834032140636162
1235835263823138817
1235837801368670208
1235838789185966080
1235841070568583168
1235843320816914432
1235845835142774785
1235854763087941633
1235863400745332742
1235869249186365440
1235874279587119106
1235877045420183552
1235879067796287488
1235880324904759298
1235885862577111041
1235890192927555584
1235892515556986885
1235894495146885121
1235897990755254273
1235899206440796161
1235903113086853122
1235903193269272576
1235903461365108738
1235908765762940928
1235911727692296204
1235914760874582020
1235915577627160577
1235919028322959360
1235921077810888704
1235921378446057474
1235924096149606400
1235925970936369152
1235927485277233153
1235929244078936065
1235931923467378688
1235934404440133632
1235937590332788737
1235939481569591296
1235941582043521025
1235943272780050437
1235944340532408320
1235947932098195457
1235950026263859203
1235953568760414208
1235956750299336705
1235959335718707200
1235962689463214083
1235967149329571851
1235968744406597632
1235968939643088896
1235975809791385602
1235978479289667585
1235980634331516929
1235980994332823552
1235984006325338114
1235988610081579014
1235988944870875136
1235992289828364292
1235995204865359872
1235997813256970241
1235998932775383040
1236001123733057536
1236003641338875908
1236006151894061056
1236008671659929601
1236009331704856576
1236011187407646726
1236013698898112512
1236016205300891650
1236018766443618304
1236021260410372099
1236023780553764864
1236026300390916097
1236031318720499712
1236033859826970624
1236034047824011273
1236034482207109121
1236036347242188808
1236036690864730121
1236038887866327041
1236041388288086016
1236043907659685889
1236045106735611904
1236047883692134406
1236049200074326024
1236049793354432513
1236054125487558658
1236057243621023744
1236058023388475392
1236062448995704832
1236064295894634499
1236067027032342528
1236068605256765447
1236070089855811585
1236075412410822658
1236075854335180800
1236079173111775233
1236079187942944768
1236083896053362688
1236085788238102529
1236086927876595718
1236088396038180864
1236088513847848960
1236089114820296712
1236089305627537409
1236090882555875329
1236095007397998592
1236097006965272576
1236098905135341569
1236101704329957379
1236102507685961739
1236104542196023296
1236106472838369281
1236107982687162370
1236109590229585920
1236110506928353281
1236111129421770754
1236111357969346560
1236112007151132673
1236112674716635138
1236114025752256512
1236116838167306241
1236118785180004352
1236119334793158656
1236120711896485888
1236121698488942592
1236122111569276928
1236123545790492673
1236123923521114114
1236124301025304577
1236124447460990977
1236125397986742277
1236126392229781504
1236129141252120576
1236131907013931008
1236133906530869248
1236136636402012160
1236137979971809281
1236138271022989312
1236138548740403200
1236139785103781889
1236141407963934720
1236144161348300800
1236144983649980416
1236146642073595904
1236149984321581056
1236152310084100096
1236154734626693121
1236154886133370880
1236156388461744128
1236158711875481600
1236160946881654784
1236163200799977472
1236165506589233158
1236167751061958657
1236169975435538433
1236172042174697472
1236174180388950020
1236176355877847040
1236178571321843713
1236181305869598720
1236183585817792512
1236185077849210881
1236186467128553473
1236188855776182274
1236190490560786433
1236192644117786625
1236196407633158144
1236200179877007360
1236207749727498242
1236215288716300289
1236217389198569472
1236219065057914880
1236222836651503616
1236225290730450950
1236226659503792128
1236230382321876992
1236234168041865216
1236237979636633600
1236241694728822784
1236245481749196800
1236249254001328133
1236260575166021632
1236264356758917125
1236268193909542915
1236271889200414720
1236275673741787136
1236279441413804033
1236283230862663681
1236286992062840832
1236290596635127810
1236291024244346881
1236294553386303488
1236296139684577280
1236298364976795651
1236302112394485760
1236303300942848000
1236305882314690560
1236309648715776001
1236313426785456128
1236316687173136385
1236320714573131777
1236323485351321600
1236326263549235200
1236329022260379650
1236332016284635138
1236335822493884419
1236338830623608833
1236341052497367045
1236341350687219712
1236344119439626240
1236345419413753856
1236346893216735233
1236350935938498561
1236353687590756353
1236356449221124099
1236359220636848131
1236362005776392195
1236364251633197056
1236366071617261568
1236368794131533826
1236371567468257280
1236374335541194752
1236377094340456450
1236381195824480256
1236383886680170496
1236386667528966144
1236389430753140742
1236392187618906117
1236396238741921792
1236398999822794754
1236401746240507906
1236404533036814337
1236407279282462722
1236411352371036160
1236414081147580416
1236416848318660609
1236419636952006657
1236422385961783297
1236426410090270720
1236430195147583488
1236433985892384768
1236438002513166336
1236441528656068608
1236445286068822021
1236448818713038850
1236452856355586049
1236456626175049728
1236460407511973889
1236464179999133696
1236467950019895296
1236471770204508160
1236475484961112064
1236479520389152768
1236483036599943168
1236486810643111936
1236490590637916160
1236494374768447488
1236498131363287040
1236501934439366657
1236509212181770241
1236514675896041473
1236517270714830849
1236521047568134144
1236524826338222080
1236528584103165952
1236532395949666304
1236535894846431233
1236539916047339521
1236543691264851968
1236547471800762369
1236551240340865025
1236555028430757891
1236562569927823361
1236566359145840640
1236570121579245568
1236577659620130817
1236585216224960512
1236588984568078337
1236592767280832512
1236594534567591936
1236596540749348866
1236600320005996544
1236604108519374848
1236607864313184262
1236611637097959425
1236615436822773760
1236619181984043008
1236622731820576768
1236626743622086657
1236628259661656065
1236630516666949633
1236634285333000194
1236635313184915458
1236638075503161350
1236639833965105153
1236641827786293248
1236645604916432897
1236649393006219264
1236653179162460160
1236653666838499329
1236656955638366209
1236659826308132866
1236660732424568832
1236661003510845440
1236663422202380289
1236664490621624320
1236668049975099393
1236671815931527170
1236672029031530498
1236675591442751489
1236679335572049920
1236683168343830536
1236685056304971776
1236686886606946304
1236687426472611849
1236689538094858240
1236690680522645506
1236694440464564225
1236698219175915520
1236701994045386752
1236705767534792704
1236709530853158912
1236713321107279875
1236717102196809728
1236720857722097665
1236724632083972096
1236728482354401281
1236732198734254081
1236733911352381451
1236735993178402816
1236739746438754306
1236743525745725440
1236747289491910659
1236751076168253442
1236754843655639040
1236758616767676416
1236762390336647168
1236766163427831809
1236769918768594946
1236773908579319810
1236777475105062913
1236781288385896455
1236785043021889536
1236788811532771331
1236792591317962759
1236796371245678593
1236800126112407552
1236804102115508225
1236807670155239426
1236811468672241664
1236815224466018305
1236819042339631104
1236822772929695750
1236826592497803265
1236830322706219012
1236834115711877120
1236837873028136960
1236841645037039617
1236845431239446528
1236846988202774528
1236849193773338625
1236850974771294210
1236852976158982145
1236854738102243328
1236856759110832128
1236858259736231947
1236860536211546112
1236862039072571394
1236864318223847426
1236865805259886600
1236868583591940096
1236875237519765511
1236879910322483200
1236883948946558976
1236887709609836544
1236889162781020160
1236890862602330117
1236892218239188992
1236893573548847104
1236894981928992768
1236896380125433857
1236897749884211200
1236899288418070529
1236900285433421824
1236901798453088257
1236903184825802752
1236904807769739264
1236906672511123456
1236908033466339330
1236909347554447360
1236910743100051456
1236912127119687680
1236913703209050113
1236915681767104512
1236917001018368001
1236918355170414594
1236920393379840000
1236922440514785280
1236924766428319744
1236926788384817152
1236928740967448576
1236930849540657153
1236932750424387584
1236937288757719040
1236939303051239425
1236940814875611136
1236943835487494144
1236948103883825152
1236950378459127809
1236953894116261888
1236960834338861058
1236962444964134914
1236966233922207749
1236970011799031811
1236973780414672896
1236977057785090048
1236981331525058561
1236985124086075392
1236988891493736448
1236992669009743872
1236996439768813569
1236999936690065411
1237003993488011265
1237007732131205120
1237010251540504579
1237013005138898949
1237015299079233537
1237017821416165376
1237020339252723712
1237022239071055873
1237022897765601280
1237025368923688960
1237027895136182273
1237029601534148609
1237030353300336640
1237030424444051456
1237032896893825024
1237035436327022593
1237037966406623240
1237040473178607617
1237042991996506120
1237046374702690304
1237047996346335238
1237048015891968000
1237050547024379905
1237053058334556161
1237058094607327234
1237060651807367175
1237063116627873794
1237065620052750338
1237068179698003968
1237070670703575041
1237073205040381958
1237075730682478593
1237078206341165056
1237080722378231808
1237083264508219404
1237085763025743872
1237088273308225538
1237090009934675969
1237090808836341761
1237093316858183682
1237095830773006340
1237098362303844354
1237098552125542400
1237100865774911494
1237102141313073159
1237103370814599170
1237104648160456705
1237105910444670976
1237108408890920960
1237108569352409088
1237110942397345795
1237111194332397568
1237112423695495169
1237113472640565249
1237115965030178819
1237118469923012608
1237121012975783936
1237121908757483526
1237122963578720258
1237126043259080704
1237128550353973248
1237131064482639872
1237133576971390982
1237136117079715840
1237139643772145664
1237140838981001217
1237141686951784450
1237143579212029952
1237143648334229505
1237144236451074050
1237149030091816960
1237150088423710726
1237152007930216448
1237155335561007104
1237156667617349634
1237158307384758273
1237161104150839297
1237162194070093831
1237164177799741440
1237167107302981632
1237169544386486272
1237172814223998976
1237177043453960192
1237177268407066629
1237177530475569152
1237179070661758976
1237179437818527744
1237181363083763712
1237181539886260224
1237181649307254785
1237181729724661761
1237184909183238151
1237188859236155398
1237189064295690240
1237189135816970240
1237190183377928192
1237191454344146944
1237191454348529664
1237192721770655750
1237193978967097346
1237195019636834305
1237196072495316992
1237196736105496576
1237197536806481920
1237198514150653954
1237199565272514566
1237200507204186114
1237200734002851840
1237202123101802496
1237202539424120832
1237203073786880009
1237203086587891712
1237204320539619329
1237205516771889152
1237206764917002241
1237207216815570944
1237207957361831936
1237208077021126656
1237208310111232001
1237209275442790403
1237210272915509249
1237211842600144896
1237213529129783296
1237215142053625857
1237215464893353985
1237215604534321152
1237215879584251904
1237218899961294849
1237219380288765955
1237220120956669953
1237221149618077696
1237221921214861312
1237222761891799042
1237223179749376001
1237223573670055942
1237224086901751808
1237224433372323841
1237225167862091776
1237225939530121216
1237226947362656258
1237227854737346561
1237228043300724736
1237230738853986305
1237234502826672128
1237238281512910850
1237242040037060608
1237245837580926976
1237249599032766464
1237253382420774913
1237255214899646464
1237257138348711936
1237259427171962882
1237260938459467776
1237262430000091136
1237264689979162625
1237265705847918592
1237268466199035904
1237269729322110976
1237272491938242560
1237276016491606016
1237277531511848960
1237280054998192128
1237282323495673856
1237284818884399104
1237287335282323458
1237289605394845696
1237292373991993344
1237294902750429185
1237296659203264513
1237297656092921857
1237300182099820544
1237302213015470080
1237304948225904646
1237307982188331008
1237309600103309314
1237311227233275905
1237312859912142848
1237314480633249793
1237316089903747072
1237317754073513984
1237319032161873920
1237321068420960257
1237322446279184384
1237323716176084993
1237324994574790656
1237327353606438912
1237328909856919552
1237331116073369601
1237332385437569024
1237332642091106304
1237334907938115586
1237336428973117446
1237338682803269632
1237340579018801153
1237340683528175624
1237342459010650117
1237343738147594240
1237346226846281731
1237347558374195200
1237349250440331264
1237351266919092226
1237352889078734848
1237355056460107777
1237356604770652161
1237358806063091718
1237360330986192896
1237362626088308737
1237364153829994496
1237366363490004992
1237367863381577728
1237369278279626753
1237370140360093697
1237372032154767360
1237373924058583040
1237375463292653568
1237377700643430401
1237378979138592768
1237381461482881024
1237383193780682752
1237383570920017920
1237385272326795264
1237386204615716869
1237386588788871168
1237387247617544192
1237389008071733248
1237391203701678083
1237392909785108480
1237396576663994368
1237399063064186885
1237400358156210176
1237402505623076864
1237404136402010112
1237405374770282499
1237407919068647426
1237410405531746305
1237412918439878656
1237415466496376833
1237417952762376192
1237420477959802882
1237423001680908289
1237425495475707906
1237428035013525508
1237430559313408002
1237433050767687684
1237435581619154945
1237438155315458049
1237440606928089090
1237443132133904386
1237445652449280003
1237448177789386753
1237450659441577984
1237453238317862912
1237455707559124996
1237458216809873409
1237460756238610433
1237463251945955330
1237465764468228096
1237468291419066373
1237470812963209221
1237473313674444800
1237475872350887939
1237478359225032704
1237480859944566785
1237483435469438976
1237485896032804864
1237487251430486021
1237488409800847361
1237490682010402816
1237493453950509057
1237495961573785605
1237498749959667714
1237501257641844737
1237503775914504193
1237505902544125952
1237508497211785216
1237509389826678784
1237511431098171397
1237511847818833920
1237513833222152194
1237516338429648897
1237518726930427906
1237521329168863233
1237522113348567042
1237524358240694274
1237526646028038144
1237527986217168896
1237529089755369472
1237530113555623936
1237532658646700033
1237533886122319872
1237536145744875520
1237538302376329216
1237540704101883904
1237541740795457536
1237544063928156160
1237544935907196938
1237545520257630208
1237546278537449474
1237549395173761026
1237551582566219782
1237554105293271040
1237556626925555713
1237559124616810496
1237559167126130688
1237559539777454081
1237562345016025088
1237562895468130305
1237563005736382465
1237565512437006336
1237566693368463361
1237570452400136193
1237571427831709697
1237573710808150016
1237574232369811456
1237576258847772672
1237577225311936512
1237579691982065665
1237582271873335297
1237583049849626627
1237588730514300928
1237591723309592576
1237597118761586688
1237598780548984832
1237601902143008778
1237603539381129217
1237604437213863937
1237608206370664448
1237610507000893449
1237611747046875137
1237614749732335617
1237619524859580416
1237621038650994688
1237623297631817728
1237626068875587584
1237628341492101121
1237645340884570112
1237648723821367296
1237650985855705091
1237653004226084864
1237654764760039425
1237659354561761280
1237663061831532544
1237664333481619457
1237672161990541312
1237676914057400320
1237678671604916224
1237680685323882496
1237682457568313351
1237684203925504001
1237685977570840576
1237687725123403782
1237689983642845184
1237694803422347264
1237700630485106688
1237702351269625856
1237706094048395264
1237709899464925186
1237713668495810560
1237715134077980673
1237717438747287552
1237721204565385216
1237724992751783937
1237725484949147648
1237726733744386049
1237727743015563265
1237728760427937792
1237732561167831042
1237736305238343682
1237740154451824641
1237741341708255232
1237743849730179074
1237747624532488192
1237747940426493952
1237751403227025409
1237755218600886275
1237758653844914176
1237762767505022976
1237765253544501254
1237767763281805313
1237770317881397249
1237772777316376578
1237775322239635459
1237777830639001601
1237779078738063364
1237781108173012992
1237782850809847811
1237785399793258499
1237787893852241920
1237790951533314048
1237792919794352128
1237795443670728704
1237797968704651265
1237800480371326976
1237803002137903106
1237805521576525830
1237805895834370054
1237808033230700545
1237810531911831552
1237813066450034688
1237815606449184770
1237818099459674112
1237820471397298176
1237820617010950145
1237823145681321986
1237826617126408194
1237830490901680129
1237830677657239554
1237833184642990080
1237837342532145154
1237838799562047488
1237843398213558279
1237844856346513410
1237846039203180545
1237850994135805955
1237852164313079808
1237854672020357120
1237860085608501251
1237860942244798466
1237861493523099649
1237863493509906432
1237864340197216258
1237864758763614209
1237865956908494850
1237866194264186883
1237866684079202304
1237870884909715456
1237871505024794629
1237871863155621888
1237872684903653376
1237873882159185922
1237874385152643075
1237876926523432960
1237877303109025795
1237878986522288128
1237884886708609024
1237885673861836803
1237887494923808768
1237888393880600578
1237888665474306051
1237891327871729664
1237893278034358272
1237893943561539584
1237894582529978368
1237895186534916098
1237897431196418050
1237898899924209667
1237898949115035650
1237899866774417410
1237900042121420800
1237900516291563522
1237901395535241216
1237902669987151872
1237905653370363904
1237905914558103552
1237906165603975168
1237908927628664837
1237912747108696066
1237914445881446400
1237915387070742530
1237916146881495042
1237921152720408578
1237924751286435841
1237927021260439553
1237928257984630784
1237930565174808577
1237933904373469189
1237940685967446016
1237941147886125056
1237942388779364357
1237942467653177344
1237945274401783808
1237945340495638529
1237947201139232768
1237948114318786560
1237948348008628225
1237952260220608513
1237952937894318080
1237953210972803072
1237954217660182528
1237955500500832257
1237957264981536768
1237959272270565376
1237960281147543552
1237963059274153984
1237964565159260160
1237966830267965441
1237968845740048384
1237970595926675456
1237972091749765125
1237974379310583810
1237976119556608000
1237978143526436864
1237979651512963072
1237981913484333056
1237983682436182016
1237985692510228480
1237986945424334848
1237988968056193025
1237993951937925120
1237999041084088322
1238001301792972801
1238005572127076353
1238007601046130688
1238009849029459968
1238018419053780992
1238027120208678912
1238038261697781760
1238039968485969920
1238043062523363329
1238044355924983809
1238046014721929216
1238048132941914118
1238049753981751297
1238053405798600705
1238057179447525376
1238062518125441030
1238066269682839553
1238068487869906947
1238072311292493825
1238076020466556932
1238079807902138375
1238083599280242688
1238087419217485831
1238088014221529090
1238091143944044550
1238094948592992258
1238098683465543680
1238099952225726464
1238103340489281538
1238104980625797120
1238107495547179009
1238110047428915202
1238111905702707200
1238112555391909889
1238115059110424578
1238117582303113218
1238119007091294208
1238120092820484097
1238122606131363842
1238125126337671170
1238127631545044992
1238130148345511937
1238132677175324672
1238135187302756353
1238137690979254277
1238140226964504582
1238142723514937344
1238145243415031808
1238146079172018178
1238150276877553664
1238152803958300672
1238155314005975041
1238157836229763074
1238157836502347777
1238159090142056450
1238162926541910016
1238165377923928065
1238170418974011392
1238172938412740614
1238174061626351616
1238175449039228929
1238178004511096844
1238181628033277952
1238183840851599360
1238185756386119680
1238185957402255361
1238189538230616069
1238191691577917441
1238192360770674691
1238193108585766913
1238194446690369548
1238197100250386433
1238200278396125194
1238200781997776897
1238201531842904077
1238204038556106763
1238205123115077638
1238205671327371264
1238206197897052166
1238208186521354240
1238213138828361728
1238214473565028352
1238214974557900805
1238216456497758209
1238221068013371393
1238221885822959624
1238223324280492036
1238224738385833988
1238229395803955202
1238233514534932481
1238235097888849920
1238238412274049026
1238238657011744770
1238240141510090761
1238243740936032256
1238246976417923075
1238247667718914051
1238249538323963904
1238250919524958209
1238252588006506497
1238252898921984000
1238254196731908099
1238255838374113283
1238255984755257344
1238256884769046528
1238257348491317248
1238257488631410698
1238258200727740416
1238258872944599040
1238259609154007040
1238261049347825665
1238261485283020801
1238263369573990402
1238263790631878658
1238267465546825728
1238269327826128910
1238269715413454849
1238270382169300992
1238270644925628416
1238274143763795969
1238276353184669700
1238278901538922498
1238283683892781056
1238285644176203776
1238288322625241094
1238291293224275969
1238291940069847040
1238294085859004417
1238294980214611969
1238296415752896512
1238299018280742912
1238300281965854721
1238302287094833153
1238303062000832513
1238303313172594690
1238303620396916738
1238306079588651008
1238306085049700352
1238306933100228611
1238309444678758400
1238310802018512896
1238311284237615104
1238312866765291520
1238313308274466816
1238313756599488513
1238314452761677824
1238314749579988992
1238315529011695618
1238315751926349824
1238316655601737731
1238317897035980800
1238317905571467264
1238318341003108354
1238320572033105927
1238321679748796416
1238327155831996418
1238329708695171078
1238333000972226561
1238334499005628417
1238336763896238080
1238338272948113408
1238340533237547013
1238342038099279872
1238345818039615490
1238348090513522688
1238349579797618688
1238351866045530112
1238353117936324608
1238355632417316865
1238358896718368768
1238360910294646786
1238364194854010880
1238364688091660288
1238368711662276608
1238387848061038592
1238389099217764357
1238392362537234432
1238401641034002432
1238407026650292230
1238408347616935936
1238409683372826624
1238411027395510272
1238412383401521160
1238413752845979648
1238415099800453120
1238416438530105344
1238417165012946946
1238417752039329792
1238419048167346182
1238420399442010114
1238420989169545222
1238422223096025088
1238423588526489600
1238424962597355521
1238426319597297669
1238429116279422976
1238432194953121792
1238433389046370305
1238434690299723776
1238438169139384321
1238442463829917697
1238444957783994369
1238446223058776065
1238446971175743488
1238448485130797056
1238449801274015744
1238452025957986306
1238454529521221632
1238457562753896448
1238460356210679808
1238463604460007427
1238467384257712128
1238472672830513154
1238475920039690240
1238479702505000960
1238481220570406913
1238483968787431425
1238486988900241410
1238490263527571456
1238492037151895553
1238500838118690817
1238503858759966720
1238506397907800064
1238508389094883330
1238510405275791363
1238512921602338817
1238515429603184641
1238517956805607425
1238522993938219010
1238525493118472192
1238528007763091456
1238530529345052675
1238531839012343808
1238533050335723526
1238533051057082369
1238535557225070595
1238538981832359937
1238541337936486407
1238543677296951297
1238546044939644934
1238548371180326912
1238551350931329025
1238554045637373958
1238558044751093760
1238565829509296129
1238566461817401345
1238568393755832320
1238570597929684994
1238573684274626562
1238576523499786243
1238578307022630913
1238578349242540033
1238579577024380929
1238580064205275138
1238585845524975617
1238589846094036992
1238591741705498624
1238593056242352128
1238594485019344903
1238595455199719426
1238598064534929408
1238600684787900416
1238605119622651906
1238605136571875329
1238606883251990530
1238608565264416771
1238609102235930626
1238614477878288389
1238615695866372097
1238615825382289410
1238617585484271623
1238618620240048128
1238621238936961026
1238621924906995715
1238622190817497089
1238623647960649728
1238624532719636481
1238625160581779456
1238625850574147585
1238627613716795392
1238628678277439488
1238630974512074755
1238631201121939458
1238633478230609921
1238635627886903298
1238637104088993793
1238638749006925831
1238643860466778112
1238645296361541632
1238649247949565952
1238650899700088832
1238655705256689664
1238661105767067648
1238662239600758784
1238663306388398081
1238663883939815424
1238668962919055370
1238672718687600643
1238676499093471233
1238680272943681536
1238684061918519297
1238691605219024896
1238699154857213952
1238702909312942085
1238706693288136704
1238710485484273667
1238713492577927170
1238714243811246080
1238714485491277825
1238718028566671360
1238721785631322113
1238725576258715648
1238725576262848512
1238729341346951169
1238736890599297024
1238744452367298561
1238752007277731840
1238759546975334400
1238767087184732162
1238774636197838849
1238781981569306626
1238785952446889985
1238789734505361408
1238797299087822854
1238801225832857601
1238804217067909120
1238804834452746246
1238808372650086401
1238812387312128003
1238814657944653824
1238816176979021824
1238818222419456001
1238819916905660420
1238819945674407936
1238823478297583617
1238823867969417221
1238827257847787523
1238828338300551169
1238831272514015232
1238835058200530945
1238838564831539201
1238842388833058816
1238845101390036992
1238847282394644480
1238847993194983424
1238850649334390786
1238851919772344328
1238853414559326208
1238854010976768007
1238857454068404225
1238860448822439938
1238862970878377984
1238865754033917952
1238867343071215617
1238868760989175808
1238871275050864640
1238872587112980481
1238875305059782656
1238878076819386373
1238880387536994304
1238880835027247104
1238882274747322368
1238883607835541504
1238887657809358849
1238887924625805313
1238890396224274438
1238893166029344768
1238895944915210242
1238898722412642305
1238901471183282176
1238902750668378112
1238905497211805697
1238908268610805761
1238911054954012673
1238913794446970884
1238916569675202562
1238917838930403328
1238920599826763776
1238923379693977600
1238926140485652484
1238928910441734144
1238932998285930499
1238935697584766978
1238938471621951492
1238941241703833600
1238944003065815041
1238947529095557123
1238951814206291968
1238955608226910209
1238959359109083137
1238963159702085635
1238966914547953665
1238968261200556032
1238970710162276352
1238972415688028168
1238974456133038091
1238978303857324032
1238981499812229122
1238985269413646337
1238989296184569858
1238993369457704963
1238997122525134853
1239000875743563776
1239004662960992257
1239008442867757056
1239012214658535425
1239016224950018050
1239019746382753793
1239023526822191107
1239027323694915584
1239031076032479232
1239034846950969344
1239038890511609857
1239046444977397760
1239053977179828224
1239061544597667847
1239069078901440512
1239076645304250368
1239084185928773632
1239091749424959488
1239106828291710976
1239114379389526016
1239121934656421889
1239129465957101570
1239133007916732417
1239137045202833411
1239144604949254147
1239152138191810561
1239159681999872001
1239164708067905547
1239168227596525568
1239171006339649536
1239171998523232263
1239174587654508550
1239176043661078528
1239178054200631296
1239178330236170242
1239182343421800455
1239189682912669696
1239190326461505537
1239190409055801344
1239193394771042306
1239195557937254405
1239197190775504896
1239200963476492290
1239204515695525888
1239204740904423428
1239208752982695939
1239212536882434049
1239219860586053640
1239223499698376705
1239227377303072768
1239231147797872640
1239234987607588865
1239236179956051979
1239238715022729219
1239242495692812288
1239244699078180864
1239250028792872961
1239254714094686208
1239258071370784768
1239265193496137731
1239268895539826689
1239275484850110465
1239281238512467977
1239285785670664198
1239288322197016576
1239295521753358339
1239299835884429313
1239301213193220101
1239302864759066627
1239306662328119302
1239310361653895177
1239310476774912000
1239314219167821830
1239317976190517249
1239321756848005120
1239325520715800576
1239329304829259776
1239333109180649477
1239336842333491201
1239339973679165440
1239340633267068929
1239343203612049408
1239343533020061697
1239344653046108163
1239344927915610112
1239347987526156289
1239348166564220928
1239353674222182400
1239357787400015880
1239361906940547073
1239367943303188480
1239371012124422145
1239374640541249536
1239377586196819968
1239381127984566272
1239382141710077953
1239383153401348097
1239385935432777728
1239387026287259648
1239389689418780678
1239393477068234754
1239394731089690624
1239397237152776192
1239401032909762562
1239401935159070720
1239404797142409216
1239406052074029056
1239409827799011328
1239411577293504512
1239413610658566146
1239414349111922688
1239415599937327104
1239417629921640449
1239419143360778240
1239421392170496000
1239423150468849664
1239424917738860544
1239427958516985856
1239430203077787648
1239431711521476609
1239434744779157504
1239437346405339136
1239440217104420866
1239442737616891904
1239445283483856901
1239447878130700288
1239451059891904512
1239452109768216578
1239454862535987200
1239457133332066305
1239459797004685312
1239462310986555392
1239464808279392257
1239467322760482816
1239469837564379139
1239473922334248962
1239477774412328961
1239481043733958656
1239484310580793345
1239486582400393216
1239490005501972480
1239490427318931461
1239491094502445056
1239494587707785220
1239495640113086464
1239498907287195648
1239499071599054848
1239501675636891648
1239506201748135942
1239508280474587142
1239510236316274689
1239513029269733376
1239514764868554753
1239516775873724418
1239519301687803904
1239521823844425728
1239524338052800514
1239526846716395521
1239528076448608256
1239531142858125312
1239533652964446208
1239536842246098944
1239540180324945921
1239543568550805505
1239545074163355649
1239546630594068481
1239548456785641473
1239550000994156545
1239552028919173120
1239554529118556161
1239557384990851072
1239560408169697280
1239562342750400518
1239565649711677442
1239568657258332160
1239572141093371906
1239575234459701249
1239578301326336000
1239581455245889537
1239582222803447808
1239584964892655621
1239587259109736454
1239590797944795138
1239593178270969861
1239594802758529024
1239599673075261441
1239604163216125952
1239605112236052481
1239605856523694086
1239607993974611969
1239609905822208000
1239612413705703425
1239614935312871424
1239617460577480704
1239619969249402883
1239622485248806916
1239625011251593223
1239627568111853568
1239630040150745088
1239632555168710656
1239635059205955584
1239638079276757001
1239639579054964736
1239641123230007297
1239642029598167042
1239645393685811204
1239645540771561479
1239647935178080259
1239650123988242433
1239652874193440770
1239652969810927621
1239657985124827139
1239659998050951174
1239662766773997574
1239664152064524288
1239665497819566086
1239670031354650624
1239670725448998913
1239673071897894920
1239675586957754368
1239678101803712514
1239680527726260226
1239680628225904640
1239680629769474048
1239683124616990727
1239683125170655233
1239685649885810691
1239688007621492738
1239688872528936961
1239688976593817600
1239689660366028803
1239689941904429058
1239690187493515264
1239692273362796547
1239692542456795136
1239693186727063553
1239693203902775297
1239694012723998720
1239694708693241856
1239695197216354312
1239695629812666370
1239701403263741953
1239702656790257670
1239703452546150401
1239707068514402306
1239708192197705728
1239710301127356419
1239712405204189184
1239713511334436864
1239715750572707845
1239718177426243590
1239718483497234433
1239718797369585664
1239719627292389377
1239720890427936768
1239721474258329600
1239722141685297152
1239723404942606338
1239724640500617221
1239725919658442753
1239727169833705473
1239728427617353730
1239729490512818185
1239730607825002502
1239733470823428097
1239735902395600897
1239739271956873216
1239741684994519040
1239742354086600704
1239744806017994759
1239746484423348231
1239746816121413632
1239747026319015938
1239748436922191875
1239748581227221003
1239750125028810753
1239750323180371971
1239750553367982080
1239750659437727744
1239750781026340865
1239750982441095168
1239751464026869763
1239752119764344838
1239752341718470656
1239753597740625921
1239756121025449984
1239759405673000960
1239760116691451907
1239761124469456897
1239762808197255169
1239763640473079808
1239763669015289856
1239767446195765254
1239769198223675392
1239769953118687232
1239771217567059969
1239772479977132033
1239772961172869121
1239774989311774722
1239776240120270848
1239778770334203904
1239780257340760064
1239782537091862528
1239784053592784896
1239786308329000960
1239787814746816512
1239790098423709702
1239793860731187200
1239795884843511808
1239797619456643072
1239799156824293376
1239801410071539713
1239804166995881985
1239806434629558273
1239809203780321282
1239812220080525312
1239828333438926848
1239831107345973250
1239834188557230080
1239835810750439424
1239838328767332352
1239843191425302528
1239845952623718402
1239849721302261761
1239853300612239362
1239856924335759360
1239859272806215680
1239860076049039360
1239861607083188225
1239864931413118976
1239869028631482369
1239871624553381890
1239874709711446019
1239878007600427008
1239880947102879749
1239885649865592832
1239886721782812673
1239890603237953536
1239894683624656897
1239896106718441473
1239896949790294023
1239900589468909570
1239901228739563529
1239904078949466112
1239906869944160256
1239909779390291968
1239911900063899650
1239913714909921280
1239917355758690305
1239919860060217344
1239921955781906433
1239925172079153152
1239927701714190338
1239932427725869061
1239934547766259712
1239937054580051970
1239939576250142720
1239943149700681728
1239944620081020934
1239948416437882883
1239949633029365766
1239953157251313664
1239955172505387011
1239958821474312192
1239961096208990209
1239962475975467013
1239964735082119169
1239967288704425985
1239969807069405185
1239972295264751618
1239974863671947265
1239977319449665537
1239979839047766016
1239982369190424576
1239984876595621888
1239987397464645632
1239989935731625987
1239992404796727299
1239994944384839680
1239997469427187712
1240001233466916864
1240005271725969417
1240007759627726848
1240010284342919179
1240012810433806337
1240015063588667393
1240017589490892802
1240020126365356034
1240022617941295113
1240025133496049666
1240027677878374405
1240028018011033602
1240030173711474689
1240032699395571712
1240034886729322496
1240035216607100930
1240037723970437123
1240037984671596547
1240040240997425154
1240042745466675200
1240044822049763329
1240045269410091009
1240046518427664389
1240049521368973312
1240050301866070019
1240051845290168321
1240054755789070337
1240055946996482048
1240056446735257601
1240056849942052877
1240057557546401792
1240058358524190720
1240062737398431744
1240064037754470401
1240065928706097153
1240067584181100550
1240067906433671169
1240068300643733504
1240070321841061889
1240072109759410176
1240077534965964800
1240084679430156288
1240085718199873536
1240088104079437825
1240090563287715840
1240092750856495104
1240095843929251842
1240096392279986176
1240098178310926336
1240099618718875648
1240099950299578371
1240103088394027009
1240111724029792256
1240112606133788673
1240113753389219842
1240115967134490624
1240116655906328579
1240118514746302472
1240122265997578240
1240124032055414784
1240126046504132608
1240127215666429952
1240129782500786176
1240130186928173064
1240131523153625095
1240132103372668929
1240132302262452225
1240133216771739649
1240133753336463362
1240133885226254337
1240134354938081284
1240136110375829504
1240138384695349249
1240141135328301064
1240141652385243138
1240144916036100100
1240146428518899714
1240148205062565888
1240149967584604163
1240155739945140225
1240156250966560770
1240158250621906944
1240160784937897985
1240162030138593281
1240164750018981893
1240167563889344512
1240170876630446080
1240173478172602368
1240176076418158593
1240178691260506113
1240181637859729408
1240183928905965568
1240186891145818112
1240189526473048065
1240191729959079937
1240192488289308672
1240195119107788802
1240195255431057409
1240198016281214978
1240200717421498369
1240203380087238656
1240206007483224065
1240207576324812800
1240210149786161152
1240212423400992769
1240215075954327552
1240217879997485062
1240220737283207168
1240222727178461184
1240223259955773442
1240223966251429888
1240226474961047553
1240228975160500224
1240231484147077120
1240234025505218560
1240236523997597697
1240239062998560769
1240241554452893697
1240244077930708992
1240246618114461696
1240249113171636224
1240251619125743620
1240255294564962304
1240257407743406080
1240259173830529024
1240261715100647425
1240264216008851456
1240266734713651201
1240269256043966465
1240271237022199808
1240271778351636480
1240274276466425856
1240276791501217796
1240279311246143489
1240281832135983105
1240284347019771905
1240286862448693249
1240289638322974723
1240292185561616384
1240294410434351108
1240296930644803585
1240299458698543105
1240301969597743104
1240306028606033923
1240307494699905027
1240309333877035010
1240311321675141120
1240313283502051330
1240317273031806978
1240317426862034944
1240321487422324738
1240323161541001221
1240323680393183234
1240327238073139201
1240327281119199242
1240329665643982849
1240332167999340545
1240334672590184449
1240337184902778882
1240339702147960832
1240342236203823104
1240344984072663042
1240347516362686467
1240350018994933760
1240352548403453952
1240357017652510722
1240357825102127104
1240360117809356801
1240362600849948672
1240363621915471873
1240367616226721792
1240369117481390083
1240370178472411136
1240374290199072769
1240374368280227848
1240375200337874944
1240376358838112257
1240377728014200832
1240379660304814083
1240381259811033089
1240381892437966850
1240383019736690688
1240383513800531968
1240385897763418112
1240387763293356032
1240388456297054208
1240390294073458697
1240392180964958208
1240392511669129218
1240392807984107520
1240395335710711809
1240395549565689864
1240396228363509761
1240397854574862336
1240400177703391235
1240400372939792386
1240402873785225216
1240406089914515464
1240406909569716225
1240407905364512773
1240408043524960264
1240409038757736450
1240409561070276614
1240410573352906754
1240410940643786753
1240412640494706689
1240412739597672449
1240415489261699073
1240417895840178176
1240426277837955074
1240427070557167616
1240428035767259136
1240428273705811970
1240428369973587969
1240428658600349697
1240430548818046977
1240431840592384002
1240432627380826113
1240432846315171841
1240433021406322694
1240433080365654016
1240433135311040514
1240433274994020353
1240434325616762881
1240435601566052358
1240436840500518914
1240437879039578115
1240438106874089475
1240439682036531200
1240440253044805632
1240440532146376705
1240440632759521287
1240440830550138881
1240440955049672704
1240441209421615105
1240441271686066181
1240441712490635266
1240441869529571329
1240443164705652743
1240444972240982018
1240446156737581063
1240448170133458946
1240450281827110912
1240450709918830592
1240450905197117442
1240453212592889856
1240453548414062592
1240453780023410688
1240455707742388224
1240456908621991936
1240458005721821187
1240462011789647872
1240465825708019712
1240469557275435008
1240471076985090049
1240473343410745349
1240475351207358465
1240477116380131328
1240478611842498560
1240479636288679941
1240480895921991680
1240482124689522688
1240482641398370304
1240484652202287105
1240485672588369921
1240488429323980800
1240490177761402881
1240491209715527680
1240493472316096513
1240495990236422145
1240500255411576832
1240503551434067968
1240505547650150400
1240511090410360832
1240514851337842688
1240518634549772288
1240523425552138240
1240526179838373889
1240538368783630337
1240540269675794437
1240542553419788288
1240550739774181376
1240562923094802432
1240568473501270018
1240574251943501824
1240578795918286848
1240579282423951361
1240582060156346368
1240586087485095936
1240587519089139713
1240590576208302080
1240592554514677762
1240595609876402176
1240598285053841408
1240599622000746496
1240601691881381895
1240606660005171202
1240608991136317440
1240611509803327488
1240611765848809473
1240616345861062656
1240617788156391425
1240619070048927744
1240621555358539776
1240624104476233728
1240625660260990977
1240626593443217408
1240629115604140032
1240631635902676993
1240634145556004865
1240636667599491073
1240639210240999424
1240641694019829760
1240644227945639936
1240646732578467840
1240646774043357185
1240649259629842433
1240652178173448192
1240654282367647744
1240654970871054337
1240656802632667136
1240658058138791937
1240659304149123072
1240661844232208392
1240664622560088066
1240666864197554176
1240669436215992322
1240672350263218176
1240676138466381824
1240679839272710144
1240682434364149762
1240684505939283968
1240686997850578944
1240689518795034626
1240692037004886017
1240694552786161665
1240695589995569152
1240697073172746240
1240702090533429248
1240704622903189505
1240706286297075717
1240707129914187778
1240709637126549504
1240713724152995846
1240714698166808576
1240717194100645893
1240719694472122368
1240722465292255233
1240724735564165128
1240727270093971457
1240728695385591811
1240733011877994496
1240734820403154951
1240737321663725570
1240739861407113217
1240742362667782145
1240744880772657159
1240745083160408064
1240748486427107343
1240748818431447043
1240749526039891970
1240749787688902659
1240750058309595142
1240752574116106243
1240752914886516741
1240754381932421122
1240757937657851911
1240759082279149569
1240761959097741312
1240763427435343872
1240763849864663040
1240766223098486786
1240770923600531460
1240772002702557191
1240772312938487808
1240772491167117314
1240775164633255944
1240776645549711360
1240779738362372098
1240780944530956289
1240782649402241024
1240784124899713024
1240785389088014337
1240789112875073536
1240790442935009281
1240792061101703168
1240792748707504135
1240796582368477196
1240797760577822720
1240797966702698496
1240799205582614529
1240799525259948034
1240799627345100814
1240799812699684866
1240800993400492034
1240801409458532354
1240803979015204869
1240807118912946183
1240809068069113858
1240809734527221760
1240810156524482566
1240812258176962565
1240813566732664834
1240813845901242368
1240818400886026240
1240819109274824710
1240820622630039553
1240820909612707841
1240821875183439872
1240822658901643264
1240824397214203905
1240828412458971143
1240830944828850177
1240833455149191168
1240834962204524553
1240837249048236033
1240839629747740674
1240839745258901505
1240840995002089473
1240843282797731840
1240844283135090689
1240845777653686275
1240847040143405069
1240849320544518146
1240849769729126400
1240849995730841608
1240850203587915776
1240850521503621121
1240850586406252544
1240852576670793728
1240853572322983937
1240853917015011330
1240854609746440193
1240856353201164288
1240858360997711872
1240860130499006464
1240862138253611008
1240863400017694721
1240865424335667200
1240865937538134016
1240867433306611712
1240868178961543168
1240869695215087616
1240871466196967426
1240873466540285952
1240875974566260736
1240878508513124352
1240880510764711937
1240882287266406400
1240884026346520576
1240886054699372544
1240888451156922368
1240889833653968896
1240892088616615936
1240894416283488256
1240897362287042561
1240899881654509568
1240902383154204672
1240903160232894465
1240905724890406912
1240908320535392256
1240910941103022080
1240912226321666049
1240914501676998657
1240917263508742146
1240919288460062720
1240921277092769792
1240923636439056384
1240925833994342400
1240928187598671872
1240930887631601664
1240933188534521856
1240934963563855872
1240937434214477824
1240940047173668864
1240942356880338944
1240944725894578176
1240947501265555461
1240948570301366272
1240949888634032130
1240952315579957248
1240954139896623104
1240956322276880384
1240958791950258182
1240961273988251656
1240964181676916737
1240966350568329216
1240968868144824321
1240969320777351169
1240971515035889666
1240973797131509761
1240976087829618688
1240977326491533312
1240978718186786816
1240981581906489350
1240983993870422017
1240986371793223680
1240988037317898240
1240988981556371457
1240991515142430722
1240994033570283521
1240996537771098115
1240999069826404352
1241001175534784513
1241003870756708352
1241006180522168325
1241008462508756992
1241009472039989249
1241011784540205057
1241012578303856640
1241014103956770816
1241016701409464321
1241016703372451840
1241017642573496320
1241019187671293955
1241021527140728833
1241022024069402624
1241024457336131585
1241025466988888066
1241028388577566721
1241030660271333378
1241033019026178055
1241037385351258112
1241039824775196678
1241042902266101761
1241044349569335301
1241048281435824129
1241048505835290632
1241050656498163712
1241052952145641472
1241056986164273152
1241057660797100034
1241059451098075136
1241061970599706624
1241064495671279617
1241066992775376898
1241067816108916739
1241069530694258694
1241072037759762434
1241074546851094540
1241077096438431747
1241079499401375747
1241082250894155777
1241084431412101121
1241086865027010562
1241088649762082819
1241091786547871747
1241094659016884225
1241096949392080896
1241097985154584579
1241099707830751232
1241102161624412160
1241102924366974984
1241104055180673025
1241106956447879172
1241109908701040641
1241110268601610242
1241112816725028864
1241112947272941576
1241116113179639809
1241118628398927872
1241122428945866752
1241125139472941056
1241126391460114440
1241129203615105025
1241130156745469952
1241131182600982529
1241131184240852993
1241131259268644866
1241134068227596288
1241136140356386817
1241137271102791681
1241138016795512832
1241139113186799616
1241142526490349571
1241145861138153478
1241146026607751168
1241146764268314624
1241148282736463872
1241150036584681473
1241151440992776192
1241151810741682177
1241151810783440905
1241153558474604547
1241155829866397698
1241159162811252738
1241159456119021571
1241160415201103877
1241163576158666757
1241165398856302594
1241165398944485378
1241167922355200005
1241169159163084800
1241169418928914433
1241169672181071872
1241170196573892608
1241170198251606018
1241170420981739520
1241171455502581767
1241172190231486469
1241173200001732610
1241173454164054021
1241176574562643968
1241179813005713414
1241180455375908865
1241180975385772033
1241182057075634179
1241182780681105408
1241183899444797441
1241184095943766018
1241186801651527689
1241190569990328321
1241194339289702401
1241198122392522752
1241198623356002305
1241201877682999296
1241202396862218241
1241205670474649600
1241209437676867590
1241213201276194817
1241213324982796289
1241214158676385792
1241216991932952576
1241219607626743810
1241220741716217856
1241224539641700352
1241227119436476416
1241228307082993666
1241232087178514432
1241235857010561024
1241237362878959616
1241239638506962944
1241243401720401921
1241244906858872832
1241247183460012032
1241248688707690503
1241250963891109889
1241252463820320768
1241254732552863744
1241258513713766400
1241260522177269760
1241262272401551360
1241264284371431424
1241266054724231168
1241269825474879488
1241273612088365057
1241277387284918274
1241281157733453824
1241284922079424512
1241288712941690880
1241292476998131712
1241296256628121600
1241300031069716481
1241303814386352129
1241307578971426817
1241311360069316608
1241315137358880769
1241318910441512960
1241322686095253504
1241326449627410433
1241330237822111746
1241333783149842434
1241337767537319942
1241341549440577536
1241345335777263619
1241349111376498694
1241350860850057216
1241352876930236417
1241356677099773952
1241357921981734915
1241360438694207488
1241364217472655361
1241378399135956994
1241380020892971010
1241385070750990338
1241387371825901570
1241390133158518789
1241391367424786432
1241394182641639425
1241397167790731266
1241397169795534848
1241399440113577984
1241401966040842240
1241405220908826633
1241409245943410701
1241412010878754816
1241414538035113987
1241417568956698624
1241420327667871744
1241424355747188736
1241427114857029632
1241429876781060097
1241432671630372869
1241435415892103175
1241437933497917440
1241439462653034497
1241442222391865344
1241444978003513344
1241447891039911936
1241450517722804227
1241453033873117185
1241454568325746690
1241458080044507137
1241460346004615170
1241463028312350720
1241465619951882242
1241469669476896769
1241473432367366145
1241477457578020865
1241481219445084161
1241484760758829056
1241488522625929217
1241492315748872196
1241496070468915204
1241499871166763013
1241503616038567937
1241507418581934080
1241511182353268737
1241514964151664640
1241518723955150848
1241522510983815168
1241526513209675776
1241530054162743296
1241533835738832902
1241534570736037890
1241537593772212224
1241541380486414336
1241545158220550147
1241548925011623941
1241552704146726912
1241556720947773441
1241560251423391744
1241564010526511105
1241567298219118592
1241571566602854400
1241575609165283328
1241583141615271937
1241598244158873600
1241612093318729734
1241617140278603776
1241620922215337984
1241628447329464322
1241632218637914112
1241635991749885953
1241643543090925570
1241651088211746817
1241658650315366401
1241666199550738433
1241669961795371009
1241673739592441856
1241681306477625344
1241685076880044033
1241688837073616896
1241692611020304384
1241696394760597504
1241703951298367489
1241707713207336962
1241711497178382337
1241715273285107712
1241719041112313857
1241722827088240640
1241726585297870848
1241730365854810114
1241734141982511106
1241737920161222659
1241741706241990660
1241745225174974468
1241749004800622593
1241752765904433159
1241755240199786498
1241757012511395846
1241760324530905092
1241761132412637186
1241761503797219328
1241764020174098432
1241766172003098626
1241767859950358532
1241771685331820550
1241775867010916352
1241779810638213120
1241783927704039432
1241786840480350209
1241795100746842112
1241796814334038018
1241798074269347841
1241803727356510208
1241805622254936064
1241809556361093120
1241813156877479937
1241816943964848128
1241820708046614532
1241824516352942093
1241825149751615489
1241828263061860352
1241832086023090177
1241835830349611014
1241839595404263424
1241843361729961989
1241847151149363201
1241850911305105416
1241852165456572425
1241854711331983360
1241858466911784960
1241862262928945154
1241866077904273408
1241873576401256450
1241877354626125828
1241881099569115137
1241884903718912004
1241888651077918720
1241892165736947713
1241893696490045442
1241896214913826819
1241907294960566276
1241909557959569408
1241912061992546304
1241915586432520192
1241917100442222595
1241918617274527745
1241920618691538944
1241922124752838656
1241924900832661510
1241927913110454275
1241929939819134977
1241932193297039362
1241934711305494528
1241937240651169792
1241939989069475840
1241942268644376577
1241944785335848961
1241947302987792384
1241949812397924358
1241952321665368065
1241954588313477120
1241956351414321152
1241958633577070592
1241960139625807872
1241973977469325312
1241977499048968194
1241979759539740673
1241982283848060928
1241984802254991361
1242009465152507907
1242012233036677121
1242014487747661825
1242017504777703425
1242019778509844482
1242022028233883649
1242026154510495745
1242028905529253888
1242031267165671426
1242034049910296576
1242036121946775553
1242038399923621888
1242040907282763782
1242043436619964417
1242045986727485442
1242048475711320064
1242050983594807297
1242053512546209792
1242056012938522627
1242058539796967426
1242060778070515714
1242061059550314498
1242062912035979264
1242063573104439297
1242066090794024960
1242066590914535431
1242068602653720576
1242071134994038789
1242073630885974017
1242076147116118017
1242078690621763591
1242079511992307713
1242081207959027712
1242083695877599233
1242086212564922371
1242088740262117376
1242090086377947137
1242091255632404488
1242093772730707968
1242096308376219651
1242098802435198978
1242101319198019585
1242103840377372672
1242103891149434881
1242104493401149441
1242106358851403783
1242108881041588226
1242111369287208960
1242113905184387075
1242114055319552000
1242116418822377476
1242118959685607426
1242121442503856130
1242123965189050369
1242128043688235009
1242129403775258624
1242131529414967301
1242134069225365505
1242136531873206273
1242139069716541440
1242143581848186890
1242146184652886017
1242148643932692480
1242150003013025792
1242152979576356866
1242156175388487694
1242159392742674437
1242161948751548419
1242164189776445441
1242165648316338177
1242169519625338880
1242172153530851338
1242175903830081537
1242179862976225283
1242182720035397635
1242184696340951042
1242185079901822985
1242187441467002885
1242190366519984132
1242193275345305601
1242194101950447617
1242196999950172160
1242197842657021952
1242200654170464257
1242201984016347137
1242203001894379524
1242205451900653571
1242207850048487424
1242211081268924416
1242213569942491137
1242216157601554432
1242218883026739201
1242220610702450688
1242222606188675073
1242226353765781512
1242226659639476225
1242226963395174401
1242228665502642176
1242229295415771136
1242230985636413442
1242233501979750403
1242234334968496132
1242235069982486528
1242237573549998081
1242239759537373187
1242241887353831424
1242244255327883264
1242246090050555905
1242246744781606912
1242249194863300608
1242251595204767744
1242253305037930496
1242255885197590529
1242258546756026369
1242260995764105217
1242263279755571208
1242263502334689286
1242266444370411520
1242268930196025344
1242270680613294080
1242273151918243840
1242276194919370760
1242276712668368901
1242276968554512393
1242277660841164807
1242280072360480770
1242282269408202754
1242286035566055427
1242287553446916097
1242287777909215237
1242288036840382466
1242288037075341313
1242288815412318213
1242289053237641217
1242292837884067842
1242293567642578945
1242294085152636928
1242296088226410496
1242296355047051268
1242298119162941440
1242298363971874818
1242299898290212865
1242301392712282112
1242304361155493894
1242307374221844480
1242308420574883842
1242311228778831873
1242313536082149377
1242315232074235905
1242316990242529281
1242316992465510405
1242318243299295234
1242319987899064320
1242322011466149889
1242323784918618115
1242326257649569794
1242330048906113024
1242333341644476416
1242334359446790144
1242336126880407553
1242338885415440384
1242340897058172929
1242361525303640065
1242363793658830850
1242367571090866177
1242370074582843393
1242371444195102720
1242375365693181958
1242379140852068352
1242384167142330369
1242391725538246656
1242393244576747520
1242398180052000770
1242400868093382656
1242403303692161024
1242407064892211201
1242410492762697728
1242413370977980417
1242415880111304706
1242418395724886019
1242420914488315904
1242421493167988736
1242423436716249094
1242425968662372352
1242426673049538560
1242428474100518918
1242430975340134401
1242431203376013312
1242433497744265217
1242436043615490048
1242438540882935808
1242441043674566656
1242443613646266370
1242446109982830592
1242448607091003392
1242451144007462919
1242453634144710667
1242456979970445312
1242460153569517575
1242461208361517056
1242461904397836289
1242463719948517376
1242466244009181190
1242468744632336384
1242471276054220803
1242474068907102209
1242477953314889728
1242479050427432960
1242481315913572357
1242483838477008896
1242486367998918656
1242488876192747525
1242491383149142022
1242493894488662024
1242496462925246469
1242498993608962060
1242501633088651265
1242504000165068801
1242506497223000066
1242509000098353153
1242511521206489088
1242514035456774150
1242516566853537800
1242519090331344899
1242521580892192773
1242524106513399808
1242526637331283969
1242526773159424000
1242529137891344384
1242529140865216520
1242532118204493825
1242534190874312705
1242536510173446144
1242536684249636866
1242539207832240133
1242539799350628353
1242540095304953857
1242541738293702661
1242544237385846786
1242546741418876942
1242549271502749698
1242551781487452160
1242554305598676994
1242556847208488961
1242560339008503811
1242561841668272131
1242561881090506754
1242562460642615300
1242562505819340800
1242563228346888192
1242563283367780352
1242566896282734592
1242567293722296321
1242567958137917445
1242570411205955585
1242573063398592514
1242575732204867591
1242576130735050753
1242579205671526400
1242580983003729927
1242581022073651202
1242581246619901952
1242581468125241345
1242582480219246593
1242583495253385216
1242583998188204036
1242584477722910720
1242584998647078914
1242586918187143170
1242587517850877953
1242588768625967104
1242589209665376257
1242589539799007238
1242589541082464256
1242589775460290562
1242589775472852992
1242590295356833792
1242590543324024834
1242591305294848005
1242594665746087937
1242596576058621952
1242599184689246208
1242601871132549126
1242602354186338304
1242605352937553920
1242607650380173312
1242611415908827136
1242613898701922304
1242614219796692992
1242616973529427968
1242619743053451265
1242619993126252549
1242620478319198208
1242620739209093125
1242623238540312577
1242626687168282626
1242629121651494918
1242631558160244737
1242632573219680258
1242633582742507520
1242634581423075328
1242636077875290117
1242636595406278656
1242637337550565376
1242637530190753794
1242638091585818631
1242639097031688192
1242639618324955137
1242639673773654016
1242640135923130368
1242640367574548480
1242642663536562177
1242643140227588096
1242643639144243206
1242645136565305351
1242645396427616257
1242645661843062784
1242645662056972288
1242648919714279424
1242652257033891841
1242652449179082754
1242655206229368835
1242655968674054149
1242656464994533376
1242657490057285632
1242658992830263298
1242659427922128896
1242659741836496897
1242659920832593920
1242660996780621824
1242661418337525761
1242664252965621767
1242666638002073601
1242669820979675136
1242672717524021248
1242674913325940736
1242675094981423107
1242675129353515009
1242675202128924672
1242677457167286272
1242677842871107584
1242679856032288770
1242680611178860545
1242681617602220035
1242685114737463296
1242685392614277120
1242686923132502016
1242688682425008128
1242689183162028032
1242690454271021056
1242692974976393216
1242693965658406917
1242696724273127424
1242699265018920960
1242700526912929795
1242703028316241920
1242704274649473024
1242705550024024066
1242708069399789568
1242722653007417350
1242726932724289536
1242728952617189378
1242731207307202560
1242734993018847234
1242737509894938626
1242739775397904384
1242742288528310274
1242745317113634816
1242747313623359488
1242749845376507907
1242751589355585536
1242752114344034305
1242753874865410048
1242757142861549570
1242760406441091074
1242763230541500416
1242763739553816576
1242766083750313985
1242768571224162305
1242772097736355840
1242772594102800385
1242779300547485698
1242782546104123392
1242784355296194563
1242786317555183616
1242792355234791426
1242797200775827461
1242797453654593537
1242797474760339457
1242801385822961664
1242803454499749888
1242807776524500998
1242810727674634240
1242813478479552512
1242816029472051203
1242818548122206208
1242819434651226114
1242819580193619968
1242822066824450048
1242823567936499723
1242826095977734144
1242828631010918401
1242831132342857731
1242833631502098435
1242836427320307716
1242838670933217281
1242841192783626240
1242843694086213633
1242844788593963009
1242846214825132034
1242848736981762051
1242850572417589256
1242851268575576065
1242853777457197056
1242856362574516225
1242858836802838532
1242861308678201354
1242863832160141315
1242866352471388162
1242868889454813185
1242871397283704832
1242873941208829953
1242876423796334592
1242878942605971456
1242879755759677440
1242881472861745154
1242882692724584449
1242883979897946113
1242886483901546496
1242889012991451138
1242891522124677122
1242894556900798464
1242897049982566408
1242897341474103297
1242901008247906305
1242901024332890113
1242903092762423297
1242903373789028352
1242903503326064642
1242906318568112130
1242909616259977217
1242911404203692032
1242914350265962498
1242916778952417280
1242916819456995334
1242916956157640706
1242917593842724864
1242918076380844032
1242918181141762048
1242918262016315392
1242918679798378496
1242919948206235649
1242920693148180481
1242921733608345600
1242921965402427394
1242923070584688640
1242925537376505856
1242927759653056516
1242928514418069505
1242932592862801920
1242933552443867136
1242934331460521988
1242935037684842497
1242937293058576396
1242937330832465921
1242940006555095046
1242942884996952065
1242944383428820993
1242944865455034371
1242945385800388615
1242946138581405696
1242948907073667074
1242949148107816961
1242949459480383488
1242949664351158274
1242951426449555456
1242952167897665536
1242952484810825728
1242952678105395201
1242952680802340864
1242952915465252864
1242953439228936192
1242953923905892352
1242956181179678720
1242956444644847616
1242956447702487047
1242956449875218432
1242958463652765703
1242959006592720896
1242959341684023296
1242960252569600001
1242962917080907784
1242963992143900672
1242964531447545858
1242966520050917380
1242968019531436038
1242968534717734912
1242969280695730176
1242970041764757504
1242970812119801856
1242971043637100545
1242971803619901440
1242972075989569536
1242972310296018944
1242972310451228672
1242972904515665925
1242973321110708227
1242974447323074560
1242974961125347328
1242975036232916994
1242975056398934016
1242978127518859264
1242979355493621760
1242979433121636353
1242980074284027904
1242982352290275329
1242983304711647232
1242984621786177538
1242986137897046016
1242986389014183936
1242986390935277568
1242986886987223041
1242988397079064577
1242988992674447360
1242989518183182338
1242992398789160960
1242996285629661187
1242996960220581888
1243001134060580864
1243005646926118912
1243007294453026816
1243011212406853634
1243012156632608768
1243013806651060225
1243014109500788736
1243017045987471367
1243017596296933377
1243020097947455489
1243021367433482242
1243022614509092871
1243024964892098565
1243025150745985024
1243026665397239808
1243027170458402822
1243028927897128961
1243030190252572672
1243032713533304832
1243034212279758848
1243035476568821766
1243036481679171587
1243037992970747905
1243040272990318592
1243042020492443648
1243044016779939840
1243045523965214720
1243047800771928064
1243049310377435136
1243051571610554370
1243052816819781632
1243055345649561601
1243056848816746496
1243059124541284352
1243060629369470976
1243062907862167552
1243066669804728320
1243072196391600129
1243077251031273472
1243080612526936064
1243083279647080448
1243094845775908864
1243096126888316933
1243098373642731520
1243104917247721477
1243107446694035461
1243110967036325889
1243114345262993409
1243116949107814400
1243119602688720896
1243121897317031936
1243125195222724611
1243128123396325377
1243130603987521537
1243132824145838080
1243133105604644870
1243135624988758016
1243138152094711808
1243140674603692034
1243143179777585154
1243145767252111361
1243148215312154624
1243150720922259462
1243153237718466560
1243154293433270273
1243154613924179970
1243155783761694725
1243159720086712321
1243160808613445632
1243163019561119746
1243163311690178561
1243165829535072258
1243167262368022531
1243168388387672066
1243170872791314432
1243173380980912128
1243175903464689665
1243178421213167617
1243180932061958145
1243183442784931841
1243185341038813186
1243186034818584576
1243188491518980096
1243191024199118848
1243193520053276673
1243196037688246275
1243198659711377409
1243202354452758530
1243203831556640769
1243206105880199169
1243208705581240323
1243211145693069314
1243213674325696512
1243216152647647234
1243218689694019586
1243221184189280256
1243223708421980168
1243226238828851202
1243228751837700103
1243231279245656067
1243233776844574727
1243236291749306369
1243238812668645378
1243241334611357696
1243243861482393601
1243246555471187970
1243248892247969792
1243251433568382976
1243254130120024064
1243257833266782214
1243258167708049410
1243260863039115264
1243263214432985088
1243265550005960704
1243267995549544455
1243271082548686849
1243271249310121984
1243274929467990020
1243277346817347590
1243279956878163968
1243280744329482240
1243281914095599621
1243284836057526276
1243285978439131136
1243288883955224582
1243291260913438725
1243293698676396032
1243296721112793099
1243298019317088257
1243301501369532417
1243304063997018113
1243304450040770562
1243306254002540546
1243308378572460033
1243308496105271296
1243308700497895426
1243309228493807619
1243309756703330305
1243311266510372864
1243311763829010432
1243314034688081924
1243315228634501121
1243319190246785025
1243319393767034881
1243320201703313415
1243320224801308672
1243320343353331713
1243320344955555840
1243322105363599366
1243324567030030337
1243327089371201540
1243327387602911233
1243328432936833027
1243329421018370049
1243332125702729734
1243334389565550595
1243334458398433282
1243334630750580736
1243336032726200321
1243338708373340161
1243340823598489601
1243341557400358912
1243342007222878210
1243344613479456770
1243344737253363714
1243346248754581504
1243347226224726017
1243347978519224320
1243348289774186496
1243348397077041152
1243350440894324736
1243350516207218688
1243351092219396096
1243351528892772354
1243353108807389189
1243355863596687361
1243357143715024896
1243358089035669505
1243358435585843202
1243360333051260928
1243360928550096896
1243361213494353920
1243361737866240000
1243364700751949825
1243364869912444933
1243367308573069313
1243368350673072128
1243368504172003329
1243369907787530241
1243372542565519360
1243375118144987138
1243377727522115584
1243379223286382592
1243381001239162884
1243382507447320577
1243385016849018885
1243386271029800960
1243389290534453248
1243391557945835525
1243392066618413059
1243392810134298635
1243393582460854272
1243393588341256193
1243393836618928129
1243394591119650818
1243395097288298502
1243395333620518912
1243395586683834370
1243396356816826368
1243399110306062338
1243401383975346179
1243403647389585409
1243406169126735873
1243406909824065537
1243407672809938947
1243411055218327552
1243413967193559042
1243417739680567296
1243442394802130944
1243450956584550400
1243462531617828865
1243464805270401024
1243470826881658880
1243480873082793984
1243483951395672064
1243487052345356289
1243487956154933248
1243490609098379265
1243492990351486976
1243493011142705155
1243498157692067840
1243499319761739777
1243501767377195009
1243504273180233730
1243506056619274240
1243508097152430080
1243510592360628224
1243512662597734404
1243516076324990976
1243518155298914304
1243520676771827713
1243523218675286018
1243525707780820992
1243528228280643584
1243530754656735232
1243533251211386883
1243533783233630209
1243535786621927432
1243540817106685956
1243543330362994689
1243545868697055234
1243547340935487493
1243548656407642113
1243550870308077568
1243552356375179265
1243552575850516480
1243553396541530120
1243555417919193092
1243557681572581378
1243561085489340416
1243564623946756096
1243566977937006595
1243568733953634305
1243571998716018696
1243574772342063104
1243576055656517632
1243578557265215492
1243581072639766534
1243583572344217601
1243586089597767682
1243588604716343300
1243591141808889862
1243592809543880704
1243593653731446785
1243594974945476608
1243597782738522128
1243598739337613315
1243601204917211136
1243603709893971968
1243606237750661121
1243607856890306560
1243608641351155714
1243611260744347649
1243613789599170560
1243616294819311617
1243618223163166726
1243621348548673543
1243623869866524674
1243628885729665024
1243630935133900803
1243631642654187524
1243633917804101633
1243636477063507969
1243637248857276416
1243637593398378497
1243637776626495488
1243637837964042240
1243637937666846720
1243638153589723136
1243638946422292480
1243641489034481665
1243641612191834113
1243643914059481088
1243646501806538753
1243648607569547266
1243651306201513985
1243652768595763200
1243654340818149377
1243656000504299520
1243656953391243264
1243657221696655361
1243659158978809866
1243661751914246145
1243664357147529222
1243664612265992194
1243665682799235073
1243668582099226626
1243668880645595136
1243669117023985667
1243671421844365317
1243672925879885824
1243675176358871041
1243675430219022340
1243675432702132229
1243677863645192193
1243677963842916355
1243681760027779073
1243684379496505344
1243684740567310336
1243685252473774082
1243685504568242176
1243685763461644289
1243686006320218117
1243688520394387458
1243689310504783878
1243691298009288705
1243692793362550785
1243692794327314434
1243692795174543360
1243693577470803968
1243693729803694080
1243693856538820609
1243694894134198272
1243695831687016448
1243699079189868544
1243699889801801728
1243700089153105920
1243700188113297409
1243700613822676993
1243701091352666112
1243701291789864961
1243704308694241283
1243705804126994432
1243705895621664771
1243706642233012224
1243706904972591116
1243707307910819840
1243709417801089025
1243709888435376129
1243709906022170624
1243709968542568449
1243710413612756993
1243710699727093760
1243713503812128768
1243714394128875520
1243716932592898054
1243719736606838797
1243722046644854785
1243724481455153154
1243727273620131840
1243730263840100353
1243731123559108609
1243735388818223104
1243737072386498560
1243737905648058370
1243739840610435072
1243740511023902758
1243742608905498624
1243743122523336707
1243745376957534208
1243745755078197249
1243749939294978049
1243751165302468609
1243752805363564544
1243757493588721665
1243760571289346048
1243765035605909504
1243766030801022976
1243768795447033856
1243772581016219648
1243776345085272064
1243780135922401280
1243783917909479434
1243787688492351488
1243791707910615041
1243791938417025025
1243795234326294528
1243799256227610625
1243801267945852928
1243801529192194048
1243802790813667330
1243805066894675973
1243805299598856194
1243808051100028928
1243809558209933312
1243810331698348033
1243814516426788870
1243817885061066752
1243821679337406465
1243825445222703104
1243832980331692033
1243840523972030471
1243848067675312128
1243855621562281985
1243863176346820609
1243870723724193792
1243878282791202816
1243881554121760769
1243886065943003136
1243888690172170241
1243889603049897984
1243891380709199872
1243893376631668736
1243895044249133057
1243900918279606272
1243900928316628995
1243904701382434817
1243908494299979780
1243912234172067845
1243916272947134465
1243927001599279105
1243929619369164800
1243931617804144640
1243932783191482368
1243933891754426369
1243937324859297792
1243939187730059264
1243941954729193474
1243944945385443328
1243945990610132992
1243947068864987136
1243947286054436866
1243948737577324545
1243951497748021248
1243954271583961089
1243957049928679426
1243961073507741699
1243964089774354433
1243966600816078848
1243967866245984256
1243969360445804545
1243972148265398275
1243976212701200387
1243978942861713409
1243980164327002113
1243980634969735168
1243981695499620352
1243984474699902977
1243987226196877312
1243988964014542849
1243989747363651584
1243992275614662656
1243994781921017857
1243997046731923456
1243999569089888256
1244002350374797313
1244006371051417602
1244009133537398785
1244011895960621057
1244014676733722625
1244017423445110785
1244021485339127810
1244024220977442818
1244026995903692800
1244029767101353984
1244032550655479808
1244036585731035136
1244040345236750344
1244044142528933889
1244047896976273409
1244051661787717638
1244052796774797312
1244055438032867329
1244057746967797762
1244059203485958145
1244060973226475520
1244062992200851456
1244066807092256768
1244070523140743168
1244074057210966016
1244078100637528071
1244081886810562560
1244085655145189377
1244089172622745601
1244093198110199812
1244096993766629379
1244100741561794565
1244104269546094595
1244109280283963392
1244112323310166018
1244116102839484416
1244119875863351298
1244123641677254656
1244127410066468864
1244134965438222339
1244142521363693568
1244150059496878081
1244157617469116417
1244165177978880003
1244172711544475649
1244187815442894849
1244195351738961926
1244202901968470016
1244210463157739520
1244218009742462976
1244225548953489410
1244233115981185024
1244236872999723009
1244240653460135936
1244244430435028994
1244248212111855617
1244251999153029125
1244254897853390848
1244255536159342594
1244255755844403200
1244259534618722305
1244263319273377792
1244264527711145985
1244264728060407808
1244265230764593154
1244265415355838465
1244267092448329742
1244267596809207808
1244267808147623937
1244270886271758336
1244274655747284992
1244278412757413892
1244282871231197185
1244286982588637188
1244293533621719042
1244303929489399810
1244309458169331712
1244311809101873153
1244317792331071490
1244319691046354948
1244323465550802946
1244327249240895488
1244330986877464576
1244334793455808514
1244337155134107651
1244337350014099456
1244338587048513544
1244342337989488643
1244346118433054721
1244349891603763201
1244353664728301568
1244357409994240000
1244361206992904194
1244364983611412484
1244368767771201536
1244372542913220616
1244376299407380481
1244380083273506823
1244381348233707523
1244383859204128769
1244387632890683392
1244392927956217856
1244395183036399616
1244398974100013056
1244402734213758978
1244406526296629248
1244410277510164483
1244414069815287808
1244417829388070913
1244421631713345541
1244425382851481602
1244429207381454848
1244432920795918341
1244436719904133120
1244440483239256067
1244444257571745794
1244448013348634628
1244451820220579840
1244454330465423362
1244455576890998784
1244457083338186752
1244459407255240705
1244461122981429249
1244463124960378880
1244465391449059328
1244467644968861713
1244470177066102787
1244472193117040641
1244473955068588033
1244477461087354881
1244482253830467590
1244484521640280066
1244487545829851141
1244527556872810498
1244529313082478593
1244531339895939077
1244533351761010688
1244535862421082112
1244538782927503360
1244540377773858816
1244542653804482561
1244546172313915392
1244549436656754689
1244552039264325632
1244554526461485058
1244557169992904706
1244559821682155520
1244562835386097664
1244565456679305218
1244567807523684353
1244570199988281344
1244573467233734657
1244576398989316096
1244577375901319169
1244580159296020483
1244582673621843968
1244586751131353089
1244589991076003841
1244593448143015936
1244595247117668359
1244596818492751874
1244601436744355842
1244605505475141632
1244608888663674880
1244610359471808513
1244612858027089920
1244615389935525888
1244617894652190720
1244620414606807040
1244622927460532228
1244625464737648642
1244626835746492426
1244627966321180672
1244630487949357056
1244633005139922946
1244635516785606658
1244638076544208896
1244642171367632896
1244643565160013825
1244646681427263488
1244649673375301633
1244650930047528960
1244653131016949761
1244655676451885056
1244658152509001729
1244660671134027776
1244663204795514880
1244665736376844288
1244668229152321538
1244672208842227714
1244673511941189633
1244675787225169921
1244678328902209538
1244681142864941057
1244683326088196098
1244685846219034628
1244688357386485761
1244690875315302405
1244693428480475137
1244695922434625543
1244698420234813442
1244700996359643138
1244703200042717184
1244703462442569728
1244705980845297666
1244707224984924160
1244709640027471874
1244712385803431945
1244715657486315520
1244718822990450690
1244721370312765440
1244721460343640071
1244722100147019776
1244723380378415107
1244725127591460865
1244727462216466435
1244729743976607745
1244730898899243011
1244734487914741762
1244736799253159936
1244739799153610754
1244742782004101120
1244744972534001665
1244747605751533569
1244748812465377282
1244749067227484161
1244751745311440902
1244754168327344129
1244756310408790019
1244760075216003073
1244760333069279235
1244760844245897216
1244760846359834624
1244763105667751937
1244763598095888390
1244765610032222210
1244765877779791875
1244766617705291777
1244767140743430144
1244768377824071680
1244768911784058893
1244769645963415552
1244771730591232001
1244772711697702913
1244774189120307201
1244777300132081664
1244779686267363328
1244781207499558920
1244782730728157184
1244782732737159168
1244782988413599745
1244785501384642562
1244785912954998784
1244786012380958721
1244786014150897665
1244786756253298688
1244788266366271490
1244789266883936256
1244789870238806016
1244791560300122113
1244791561361252355
1244793883697065985
1244796680471556096
1244797227911901187
1244797361760555014
1244798225929736192
1244798579820105729
1244798711114260480
1244799070906048512
1244799390570516480
1244799825138331649
1244800328408674305
1244801334974398464
1244801603506487296
1244802090062368768
1244803599932121089
1244804032427941890
1244805361543999488
1244806567821750272
1244806871782957061
1244809140838563841
1244811571056033792
1244814864817815553
1244817208494166016
1244818518530387968
1244819586303832065
1244820758267863041
1244823657156927488
1244824527135260672
1244827725371752448
1244828853547171841
1244829285690429441
1244829997618966528
1244830527393116163
1244831050397814784
1244832309867687936
1244833813080965120
1244834559864254464
1244834561579790337
1244837110126968835
1244838082500800514
1244839593922486273
1244842373445754880
1244844628542656514
1244845661226401794
1244845888918478850
1244846144531902468
1244846653816872960
1244849481037856769
1244852188163309568
1244855213607071744
1244857465755381760
1244859753853001728
1244861000194588672
1244861000349868032
1244861258073083908
1244861495537799170
1244861739122003968
1244861739256217602
1244862255763783686
1244864783628763137
1244867285921206272
1244869808702861313
1244872579195822081
1244875626198249472
1244877369128767488
1244877595285557251
1244880374716604416
1244881891720859648
1244883391054516224
1244886173409034240
1244894226422341632
1244910317550874635
1244914357055770626
1244915862475362304
1244918619303264258
1244920945636147200
1244923362654195714
1244925772571316226
1244928283537543169
1244930829345853440
1244933397690155008
1244935988457193473
1244936385678712832
1244940023838978048
1244947414919905281
1244948816723353600
1244950342690799617
1244952616838324224
1244955619418869760
1244959985785802752
1244962667112136705
1244965175914041344
1244967690785128448
1244969639777624064
1244970224891367430
1244972763162513408
1244975247499169792
1244977759962660864
1244980290533167105
1244982812052242434
1244985323022663681
1244987898388189186
1244990348801331200
1244992862594445319
1244995418511101952
1244997927409459201
1245000422584090627
1245002962415628288
1245005474963038208
1245007975846158336
1245010516784881664
1245013007010344960
1245015514969255943
1245018041177563138
1245018563267588097
1245020547517423616
1245023069003014151
1245025599489523713
1245028095897239552
1245030616636231685
1245033153024139266
1245035659691208704
1245038168963002369
1245040693682241536
1245043203042086917
1245045709071679490
1245048244071260165
1245050753405915140
1245053285586919431
1245055826160766987
1245058296983302146
1245060820339433478
1245061589998243840
1245062620169687041
1245063338519863301
1245066079686127616
1245067358332469255
1245071140785131521
1245073858232610822
1245074901934931971
1245078173911523328
1245080824820584448
1245081171547086848
1245084285121572866
1245086614394634243
1245090008798654464
1245090459686297600
1245090503038730247
1245092896174419969
1245093762180632576
1245095178647433216
1245095371342258185
1245097536831905792
1245097845893607426
1245098109593673729
1245100835962531843
1245101083720069120
1245101311768399872
1245104263266738184
1245106590023376903
1245108995741880321
1245111476932747269
1245114034761936896
1245116601462030336
1245119163502342145
1245122463589163009
1245126577207291906
1245127033983623168
1245129038097760256
1245130116134391809
1245131260093136896
1245131561131008002
1245133900244025347
1245136631721533442
1245140946544623616
1245142037567082498
1245145064436830209
1245147448303116288
1245150198726365185
1245152825333735425
1245157151842189312
1245159849563955205
1245163409097871366
1245166026985218049
1245168584789241870
1245172631193690113
1245175051252641794
1245177333243396103
1245179940422717441
1245181378712539139
1245184371553959937
1245186592907689986
1245189917820489728
1245191421604302851
1245192677852942336
1245195200043122688
1245199173932191744
1245199464333299712
1245202001933320193
1245203992671649792
1245204507379802119
1245206532406550531
1245207533092057090
1245208285835341829
1245209803393249280
1245210055835860993
1245211569694408704
1245212055956869120
1245213817329647619
1245213817338019841
1245216596139954181
1245217595600535554
1245219852425576449
1245219852526256128
1245222873662238722
1245224389760692232
1245225143527452674
1245227165366603777
1245227425203716097
1245228930233139200
1245231188379340801
1245233999150305280
1245236756552744960
1245239133544611840
1245241457532907520
1245243792107679744
1245244775613292547
1245247169130639360
1245247550732582914
1245248041386459137
1245248553829765122
1245249315037155328
1245251064909135872
1245251839135809537
1245252326648152064
1245253347298459649
1245256281109168134
1245258371038666752
1245259897580785664
1245262433784139778
1245263655643557890
1245266404238151680
1245268952428752904
1245268953733226496
1245269188639416320
1245269450326188032
1245271698879983616
1245275214021361664
1245276214119542784
1245277800342458369
1245280673944010753
1245283441421287424
1245285845185298432
1245288243760947200
1245291475124006912
1245294325707259904
1245295274261721089
1245298588483227648
1245301159738454016
1245303802904956928
1245308674182168576
1245308862351187968
1245309954971570176
1245314204871073792
1245315765462618116
1245320368220442624
1245323665706754049
1245325055409688577
1245328050092466176
1245331156733747200
1245332381055291393
1245335140357808128
1245340261644931075
1245343103684354048
1245346518414082050
1245349457018916864
1245350738814996488
1245355087368794117
1245360346107428867
1245360733291937793
1245364706853994498
1245367840741392392
1245369782163079168
1245373001773780992
1245374602601259010
1245375430527508480
1245377921147113473
1245380416598683648
1245382930123415558
1245384189043671040
1245385457833250818
1245387975745249281
1245390495590875137
1245391747846471680
1245392997514125315
1245395537244950528
1245396779660689409
1245398039432515585
1245400556933468160
1245403106109796352
1245405594493861890
1245408112728776707
1245409009617813504
1245410203752902656
1245410657614344194
1245411874365194241
1245413141481168896
1245415643308003328
1245418182053167104
1245420698178392065
1245423192576897024
1245424208588480512
1245424210517864449
1245425764440453121
1245428241839636487
1245430834460528641
1245433777540812800
1245436790082846722
1245439282136911873
1245440317417013254
1245441581517340672
1245443836408725504
1245444598094270465
1245444850520129539
1245446437573280000
1245447108422967296
1245447892212445184
1245448900556623872
1245449694563581954
1245449955294228486
1245450123058053122
1245455935935479810
1245456414405005314
1245456912583479296
1245459190107246597
1245459452213460993
1245460437375868928
1245461456214253568
1245463515554549763
1245463699629932544
1245466975100338179
1245466991860867078
1245467474394415104
1245467499484844033
1245468503630544896
1245471249431756801
1245472306132115457
1245473546542952449
1245474803089387521
1245476551392624641
1245479479071444992
1245482935723098115
1245485436937605120
1245488020645646337
1245490601174413312
1245493917409304577
1245494429437374464
1245494921936678912
1245496427280809985
