1234991999750565888
1234993730874011649
1234996189403041795
1234997580829872128
1234999525594423296
1235001966855626753
1235004015659937792
1235008186802896897
1235011254701486081
1235015365945700354
1235016208426168321
1235019512271056896
1235022388288344064
1235024865100349440
1235026191075004417
1235027001133563905
1235029745223397376
1235030710127169538
1235033732798648321
1235038241620996097
1235040085864624129
1235042540832743424
1235043645360721920
1235044267912876032
1235046155769311240
1235047185550458882
1235048924907556866
1235050346159828992
1235053435830947840
1235056357432102912
1235057129540612097
1235059943759175680
1235060841902465030
1235062224860770304
1235064238843912192
1235064445392437248
1235066889677598720
1235069937246294016
1235071243537330176
1235072500721020928
1235073393285881857
1235075034923794432
1235077518941548544
1235080040431390720
1235082670524203010
1235085069536157696
1235087615486918657
1235090151367311360
1235092256144662528
1235094997575159809
1235098250778005504
1235100170033000448
1235102705607049217
1235107720795230208
1235111939468152833
1235114520701329409
1235117801372676096
1235122825549066240
1235127874006519809
1235130407416287233
1235132898275217408
1235137919352004609
1235142982514413575
1235147995785633793
1235150503866183681
1235153029818658816
1235158063168065536
1235160585102381057
1235163078607675394
1235165627968565249
1235167910961741824
1235173220199866368
1235175678418526208
1235178195172970496
1235183224126664706
1235188291156275201
1235190770929455106
1235193305903882241
1235195848679706624
1235198333347602433
1235203365149302786
1235207123623129088
1235210937545756673
1235214688809635840
1235218477218172929
1235222838514200577
1235223486974525442
1235228523276705798
1235231059329110017
1235233587605143552
1235238599194480642
1235243643683905541
1235248681084956672
1235251166667300864
1235253689671208962
1235256955352109056
1235258723586707461
1235263803031457793
1235266100402827271
1235268076196827137
1235268801597497344
1235269234604769281
1235273816202530816
1235278899912814592
1235280645779312640
1235281640085229568
1235283891029790720
1235285148482101248
1235286412045545473
1235288934126620673
1235293981971488780
1235294698992005122
1235296471848714242
1235298997050494977
1235301516464082944
1235303766104199168
1235304031125417987
1235306531203186688
1235309082598412290
1235312087536144386
1235314090496716800
1235314397297418241
1235316020446978051
1235316624342818816
1235319134294093827
1235321635416264705
1235324166863282176
1235326673513480204
1235329186555990018
1235331403300196352
1235334236879671297
1235335782623215617
1235339282279272449
1235341776795422720
1235344308250824704
1235349324088987648
1235357705222713344
1235359393920712704
1235364437227433984
1235369479263211522
1235374480542904320
1235379511711195137
1235380083956699136
1235384580728733697
1235389588228669440
1235394623754964992
1235399655459975168
1235404682010468352
1235407223628709889
1235409728697585665
1235414749577347073
1235417258823835648
1235424813956485126
1235430111194664960
1235434894328770560
1235439916605206528
1235444954530537472
1235449978857746433
1235455020839157760
1235460064963637253
1235462575430778880
1235465090968797184
1235470118509072385
1235475167683448833
1235477660987424768
1235480192526753798
1235485214438297601
1235490288434462720
1235492758422347778
1235495284999966720
1235500311869079552
1235505386771427328
1235510385899421696
1235514552881762305
1235515416023314432
1235520449322287104
1235524230101467136
1235528037401149440
1235531767601344512
1235532332183904256
1235536686316015617
1235540584548401164
1235547377081044993
1235550662609391617
1235556406075338753
1235558216597204992
1235560722639265793
1235565783608111108
1235570782589177861
1235573318050291718
1235575814994919426
1235577320217300994
1235578983896551425
1235580873686298624
1235585896935616513
1235586255498473472
1235590936085680134
1235591428660531205
1235592180166778882
1235593627163914244
1235596021935288323
1235598908291780608
1235601006592843777
1235602233464631301
1235606042475663360
1235607590039666689
1235611037866643463
1235616097916923905
1235618534782201862
1235621111678853122
1235626166914084867
1235627041111695362
1235629749692706816
1235631188313870336
1235636225341521920
1235641247085314048
1235646282124926977
1235648800355749889
1235649471385501696
1235649678261305344
1235649871153004545
1235653828504154112
1235654638285672453
1235656378741657602
1235661381506158593
1235666149397782528
1235666406005448704
1235672204739833871
1235676472968441867
1235678990725152768
1235681510264467456
1235685310891061248
1235686554514776065
1235691577990942721
1235694031058976769
1235696607359905799
1235699133236867072
1235699640319832072
1235701650662117376
1235703583133360129
1235706683831332865
1235711714823372801
1235714390416113666
1235716759505731587
1235721781186416640
1235726809842331648
1235731843045081092
1235736866814652416
1235739422827700224
1235741910200995843
1235744415836180481
1235747172538126338
1235747611510034432
1235747952510947329
1235748205591216128
1235748603311935488
1235749167315726346
1235751968552951810
1235754513983852549
1235757012740382720
1235759513065730049
1235762041241178112
1235767063882366976
1235772110578094081
1235772850277056512
1235774631694536711
1235782195035414528
1235787203239989249
1235789725593669632
1235792251898548224
1235795141153210368
1235798534059945984
1235801865813520385
1235807363690455040
1235809850476486656
1235812381298577413
1235817398621499394
1235822476673691655
1235827462669348867
1235832507779543041
1235837547156107264
1235840055895134208
1235842578588692482
1235847589691441155
1235852638379372548
1235855162717028352
1235857672370413568
1235862706332131332
1235867741040476166
1235872761110659078
1235875139557834754
1235877805969346560
1235882854820859904
1235886607800164352
1235890389799878662
1235894167164895245
1235897960812118016
1235902793615052801
1235908004941357056
1235913059773960197
1235917811941335041
1235921076821078016
1235923107086569472
1235928162548305920
1235933159361073154
1235938195726102529
1235940041899335682
1235943264714403840
1235948271866187777
1235953305404219393
1235958396743974913
1235963368957194240
1235968402965114881
1235973467931127809
1235978474306842624
1235981014129872897
1235983496381952000
1235986009537630209
1235987033354616832
1235988579643518990
1235991044841488390
1235993556373909504
1235998611072303105
1236001125817597952
1236003658988478464
1236006149134200838
1236007129401692161
1236008661279010825
1236012412270190592
1236013689809121288
1236016207503020033
1236018738702491652
1236022032866963456
1236023769816317959
1236028346284326920
1236031320884723712
1236033828327694337
1236036343995797505
1236038212231008256
1236041397461008384
1236043909484118016
1236049382987968513
1236050577253072902
1236052724464091137
1236053967718752256
1236057020639391750
1236059008357871619
1236064030227341315
1236069060510658560
1236074078857031681
1236079154082263040
1236084174475407360
1236089201520713730
1236091721773199361
1236094246312128512
1236099254424424448
1236100026683797505
1236104295835152384
1236109348046282752
1236114357752344577
1236119410479452162
1236124436673294337
1236129452213645313
1236134491611070464
1236139518299967488
1236144558003703808
1236149606968446976
1236154658009354240
1236159657116385280
1236164703610691584
1236169743847034880
1236174758934441984
1236179793584041985
1236184854691225600
1236192382779039744
1236199930093613056
1236207497284902917
1236215051859693568
1236222585693786113
1236230148799827969
1236237684781264896
1236245235941990400
1236250252879032321
1236255293480284160
1236260337181130752
1236265354235711488
1236270385139777536
1236275467121983489
1236280449380515840
1236285486878113793
1236290560748654592
1236295570010116097
1236298081391513602
1236300589794983936
1236302228350275584
1236305665116831745
1236307407271268353
1236310654274895874
1236313177907920896
1236315692028366848
1236322589448028161
1236325758068457475
1236330797881229312
1236332056281600000
1236333289700548608
1236335845164154881
1236337245168246785
1236340869126672391
1236343364892741633
1236345903809781770
1236348758142652416
1236350949737758720
1236355964166647808
1236360466324209665
1236361000292581378
1236362915705507841
1236366068429529090
1236371066123149313
1236372154704420875
1236376093772468226
1236378757646241797
1236381163859726336
1236384105740337153
1236386156348084224
1236391185930952709
1236391948468064259
1236396234459344896
1236399761277833221
1236401261798461440
1236406282099331072
1236411343491776518
1236412825536520195
1236416361116598277
1236418910288850945
1236421389802000384
1236426410585178114
1236431457456971777
1236436489820672000
1236441530862309377
1236447480172154882
1236454391659593733
1236462079386755072
1236471760599597057
1236479276586807296
1236484352965521408
1236486812228517891
1236492156774289408
1236494608684797954
1236497520001527808
1236501931272658944
1236504647076118528
1236509504361172992
1236514220520472576
1236517131258298368
1236525039169740801
1236532138377392128
1236539755564761088
1236547247023808513
1236554819533516801
1236562559785992192
1236570417898426369
1236578159895683072
1236586200384880641
1236592528364896256
1236600473412677632
1236607648822411266
1236615183063277569
1236622743824711680
1236630257303793664
1236631913185579013
1236637886210084866
1236642859501191176
1236645367443329030
1236647876673130496
1236652942859612160
1236655437992398848
1236657954574815232
1236659204909391875
1236660478094520330
1236662977367027712
1236668039350927362
1236671355258646528
1236673051149963265
1236674482854678530
1236675813745012742
1236678070934949893
1236683164308967424
1236688139818860544
1236688985168252928
1236689402568548352
1236690680577249280
1236692931056189445
1236698222346809352
1236703257252311041
1236705768801517573
1236708279549657088
1236713308033515522
1236714772420276229
1236715812263780357
1236716933132816385
1236718340497907712
1236723373474021376
1236725741758353409
1236728428151406593
1236733455922278400
1236735974652117002
1236737223531343873
1236738486411169792
1236743553574936576
1236746014222176259
1236748531618197506
1236751072590467072
1236758622585204738
1236763634530910208
1236773740710637569
1236778751272329219
1236783794633539591
1236788812338073600
1236793851358167040
1236798874540560384
1236803938109861888
1236808932141776902
1236819041580396544
1236827059474829314
1236835018602774529
1236842805051490304
1236850483475746816
1236858113061519360
1236865812268490757
1236865944028356610
1236866116204576769
1236869125902716928
1236874362982150146
1236875103524143107
1236879422269132800
1236884438245572609
1236889474493284352
1236894539228602369
1236899540759961600
1236904578458832896
1236909613112610817
1236914634709438464
1236919668935405568
1236924689748025344
1236929733541101569
1236935815412015104
1236938387891855360
1236939815960154112
1236942319976415232
1236944828790865920
1236949869287419904
1236952450298515456
1236954938749714438
1236957419135213568
1236959926733410309
1236964973395488768
1236970049333874689
1236973905413386240
1236976647112462336
1236979242555998208
1236980069295370240
1236985147968368641
1236990126141722625
1236995173487456258
1237000215183400963
1237000391587487744
1237003986412212226
1237007778243321859
1237009016078860291
1237009235625508865
1237010736079126528
1237011528521564161
1237015294314455041
1237017305827151872
1237019072929333253
1237022889267933187
1237026623859367938
1237030405410361344
1237034161468248065
1237038311719526402
1237038697037680640
1237039169073033218
1237040467868635136
1237046905038942208
1237050543920594946
1237053289398775810
1237055562837364737
1237060625517490177
1237063252959428609
1237065619092262912
1237070672813346823
1237075734679760897
1237080732171997186
1237085769036189703
1237088252298956800
1237088513260216321
1237090825651265539
1237093319689351172
1237095832652038146
1237100868492759049
1237105913225449472
1237108571936038912
1237110926563737600
1237111245431607299
1237113435839705088
1237114111198191616
1237115969383907331
1237121032626081799
1237123512365613057
1237126039840722944
1237126524018610177
1237128266588344325
1237131057494925319
1237131599164116992
1237136125610938374
1237141138320101377
1237146152593694721
1237151185758453760
1237156241601957888
1237161270144614401
1237166320539533314
1237170823766716416
1237176370754719745
1237178872459866114
1237181395967115264
1237186428913750016
1237191467027894272
1237196493443956736
1237201519331729409
1237206556372017152
1237211610139316224
1237216633912995840
1237221663000932352
1237226708899684352
1237228141883555840
1237234251067686913
1237238016634236928
1237241832599412736
1237245568147173377
1237249328789544960
1237253205656043522
1237256910291730437
1237260680505577472
1237264462819799053
1237268218236014593
1237272028635443203
1237275770600468481
1237279555133542400
1237283312646926336
1237287115517497344
1237290865292464129
1237294648667889664
1237298415647756288
1237302192761188352
1237305972177154048
1237308750769336322
1237310989936320512
1237313517776261120
1237317333091332098
1237321055892627458
1237324830640345088
1237328605732012037
1237330948041125890
1237332401874927616
1237336175779733505
1237339946047979521
1237343707365507072
1237347490367766528
1237351263353831429
1237355070712418305
1237358800497258498
1237362605691412480
1237367016236908545
1237368521543364609
1237371354019778566
1237372653016616960
1237377741915336704
1237380040515600384
1237382734911131648
1237387783611781120
1237392793414205441
1237395821265641473
1237397826159677441
1237402846187962371
1237405003045838848
1237407903230898176
1237409206866776064
1237412915235500033
1237417952955305987
1237420489015951364
1237423006869225475
1237426336735662080
1237426338660745216
1237426340590243852
1237426342611779586
1237426344574832640
1237429840099389445
1237434949613084673
1237435582286102529
1237440605799813120
1237442193356455943
1237445637668569105
1237450656916615174
1237455706833502213
1237459560773935107
1237460732607975427
1237465763646246912
1237469713757863939
1237470817983889408
1237472168021315584
1237473573784223744
1237478355529797632
1237481839046078466
1237483393476186118
1237484725415092224
1237488412522938369
1237490950458478594
1237491180906176512
1237491503481659393
1237491680967868417
1237491930872848384
1237492182321434625
1237492429143539718
1237492688351625218
1237492973509775367
1237494729484447745
1237495957962530817
1237498499807285251
1237498736026234880
1237501005182521351
1237503511455121408
1237506048484765696
1237508546549272577
1237511074200596489
1237513598836117507
1237516099589009409
1237518627911303168
1237519386849599496
1237521144166535168
1237521161107443719
1237522668305272832
1237524928695373825
1237527419776462848
1237529504790142976
1237530282829303808
1237532468690874373
1237534974573592577
1237538747853328384
1237540026386239489
1237542754487427073
1237546583924727808
1237551337446858753
1237553086794588161
1237556372318728192
1237558903648317441
1237561392879681541
1237563933872947201
1237565909557903365
1237568959366348800
1237573990496882689
1237575340567826432
1237579014589448192
1237580063077355520
1237581540579635200
1237584045514485762
1237586556065464320
1237589089718693890
1237591606208782337
1237594128373841920
1237599162280980480
1237602534820171776
1237604189166948356
1237606102792953856
1237609148713299969
1237614242674737157
1237616756853702657
1237619296311955456
1237624322749063170
1237629339228930048
1237631873918132224
1237634402076758016
1237639398327451648
1237644450341494784
1237649481816068097
1237654511105314817
1237657024139341825
1237659558887206915
1237664621890240513
1237667105589379072
1237669609114910720
1237674655147753473
1237679715877629952
1237682203041107968
1237684711952125952
1237689749198049281
1237694836498726913
1237697291227738113
1237699807369728006
1237700075146510337
1237704859736039425
1237709928426541057
1237712380815122432
1237714920273260546
1237719943355006982
1237720137207250944
1237725018131443713
1237728754958569472
1237729515461398529
1237732574878973952
1237734036036083712
1237736304424693763
1237738815252508672
1237740130519191559
1237740915315347456
1237745126048436225
1237748019593871361
1237750149075668993
1237750153831952385
1237751362752000001
1237755226989494273
1237756801090805761
1237759008330694657
1237760221965156352
1237762726962872321
1237765250692321280
1237767764703666178
1237769369939333121
1237770324701335554
1237771420802965508
1237771839981658114
1237775318976471042
1237780130602323968
1237780354917969921
1237785312778235906
1237785403740094464
1237790422971420672
1237792919496658944
1237794553178005504
1237795442341089293
1237798905603129344
1237800467549298692
1237800978751029249
1237803006843895810
1237804502788571136
1237805521312321537
1237808035071954944
1237813725987516417
1237815567467323392
1237818102898974721
1237820615480008704
1237823137686999041
1237825638549147650
1237830692660273152
1237832201909276672
1237833013670678529
1237835711061131264
1237838234178084864
1237839500094533634
1237840761338515456
1237845766762160128
1237848065807007746
1237850821364043779
1237853043267219457
1237854839154946048
1237858781112877063
1237860023851610112
1237865899404611585
1237866163138228225
1237870947085873152
1237875998130966529
1237881489921953794
1237886038195896321
1237891080672038913
1237895141408423943
1237901129792598016
1237906562867499008
1237909378197577729
1237912458062368768
1237916238803845121
1237917782462824448
1237922520600281089
1237924407110230016
1237926301220114439
1237929634542559233
1237931335194476546
1237936370880045056
1237939823123390465
1237941896112152576
1237945182185762822
1237948958233804801
1237951464842108928
1237955108425682945
1237956495003836417
1237959019412754438
1237961534724333569
1237971613917773824
1237976636299055104
1237981683154108418
1237984172129607680
1237986706332233733
1237991725513216000
1237996794828775424
1237998264429039617
1238001813250588672
1238006826886725632
1238011889050845184
1238014379989307392
1238016883430957056
1238021919221432320
1238024952852422657
1238026979938570240
1238029481924853760
1238031983374147585
1238037032024375298
1238042072600510469
1238044580404178950
1238047107946332165
1238052139286638595
1238057197483036672
1238059692959686657
1238061503175184384
1238064723062665216
1238067247576481798
1238072283714981891
1238074783826358272
1238077290975768576
1238082367929139202
1238083335638966272
1238084840844668929
1238087414738038788
1238087659110760451
1238089890782490631
1238094058360320002
1238094941005516802
1238096531053477893
1238098949162090500
1238102480220717061
1238107499749937153
1238109513712009216
1238112541592694785
1238115061132075009
1238117570705854465
1238120315907170304
1238121468455800834
1238122558161137664
1238123355095609345
1238126727072829440
1238127646644600837
1238130147850702849
1238132656988094464
1238134107684712450
1238134534228652038
1238135172165500939
1238136138868707335
1238136699068309510
1238137591905607682
1238138265548578817
1238138968866279424
1238139257463672833
1238141056534876160
1238141555166380037
1238141958322872322
1238142391284043778
1238143416506241024
1238145581660372993
1238147788220837890
1238148990211969031
1238150273358614535
1238151626432577537
1238152802364514317
1238155322910543872
1238156406752194565
1238157798929817601
1238157824452112386
1238160339080011781
1238161606984585218
1238162890961629184
1238167891956109313
1238169742696996864
1238171880537890817
1238172931131420673
1238174202487803906
1238178007140966400
1238180185960218627
1238180678828785664
1238182989412151299
1238185921759059969
1238188030315442177
1238189601216434176
1238190610223370241
1238193080991453185
1238194474456616964
1238198087165804545
1238200663156436993
1238203118699110400
1238203643268157441
1238206284270383105
1238207635171786759
1238208198399705091
1238212562111664129
1238213206906150914
1238218231782965248
1238220259292741632
1238222466432065541
1238223272279519232
1238228299198935041
1238233330803527681
1238236916329385985
1238238374915461121
1238242139286441986
1238245928559169536
1238248426049077250
1238253461529124866
1238258510103805952
1238263527305089026
1238266033926033410
1238268605978025984
1238273737457311745
1238273830285688833
1238278615231594496
1238283666582839297
1238288683675066372
1238290839467700227
1238293717057974272
1238298783299100672
1238303783450480641
1238308825364680704
1238313895057657856
1238318890616324096
1238323603785031692
1238326436324413442
1238333158149500928
1238336511210328069
1238339009706934272
1238341547302834177
1238344073330769921
1238346575077875713
1238349086950121472
1238354110006595585
1238359156157042688
1238364200625455105
1238365588315156480
1238369220221644800
1238374274924253184
1238376770304454656
1238379283841781760
1238384322350063616
1238389844503678976
1238394120936325121
1238394664618778627
1238395222486388740
1238399405771960320
1238404461103591424
1238406977048522754
1238409494268391424
1238412010796331008
1238414531443011584
1238419572224602113
1238425521421238273
1238427103168794627
1238429622251016193
1238434691646136322
1238439690056929281
1238440692789260290
1238442223571742721
1238444725352497152
1238445749001691136
1238449797817946116
1238451006679154689
1238454787601022977
1238456062669398022
1238459821420163072
1238460483033841665
1238462336349995008
1238463525045129221
1238466650313306112
1238467390473752576
1238472408379555841
1238474927185027074
1238477450054696962
1238478684404756482
1238479973645799425
1238483097961877506
1238484984907927554
1238487949207052293
1238492527357054984
1238495043071213569
1238495787715264513
1238500082946801670
1238502407044321280
1238502526229647360
1238507332499312642
1238509341092859905
1238515207284105222
1238517714311958528
1238520233050230784
1238521720534757376
1238522737972445188
1238524136705662976
1238525261982978048
1238527769878945792
1238530298331254786
1238531316796268545
1238535327003947008
1238536763607572480
1238537653613727745
1238540367504584704
1238541756939014145
1238545382306652160
1238546975349444610
1238550419548372992
1238552142094442496
1238552934432079880
1238555462875910151
1238557342381289474
1238563022936866821
1238564261712072704
1238565510519967747
1238567371704582145
1238570595991904256
1238575155355541505
1238575567475224577
1238575672093786121
1238578120208404485
1238580613101355010
1238585684014829570
1238588165537042446
1238590671788879873
1238591942986010630
1238595724012597249
1238600775925981184
1238605794884628488
1238610226271698945
1238610824849170433
1238613340873777154
1238615857498120192
1238620884161761280
1238625923630419968
1238630957600686082
1238635971966414848
1238641010277781504
1238643533759774720
1238646063877312513
1238649821369688064
1238651073470107649
1238656118265720832
1238658889912135681
1238661155419234304
1238666184607895558
1238671214765359107
1238676251944116224
1238681275415891968
1238686310451294212
1238690897677647873
1238696363929538560
1238701401339019265
1238706448852496384
1238714007462305793
1238721575937028098
1238729102917541888
1238736663179911168
1238744184661716994
1238751759503446017
1238759299888939010
1238766861547974657
1238771865746903040
1238776905207296000
1238781966624919558
1238786983910092800
1238789028541054978
1238790578214711299
1238792008057135108
1238797081684434944
1238799547616411648
1238807111859081216
1238809787518894083
1238809908935614464
1238812158110175232
1238814660792586240
1238817178981408769
1238822213932982278
1238827236356231168
1238829643593134081
1238829768713424901
1238832273644032001
1238834791602061318
1238837319135789057
1238839818748145665
1238842387436363776
1238842920259764231
1238843848270454784
1238844652423393280
1238845584896921601
1238846250474254336
1238846665106350080
1238847411411456001
1238849889397768193
1238852418131066881
1238858701173383169
1238862477921865728
1238867503553576961
1238868212583972864
1238873907974807552
1238877436596695040
1238880081365422080
1238881828154552320
1238883864514306048
1238885192468762626
1238887652474138624
1238889203460603911
1238892673102155777
1238893778230022144
1238895192314429442
1238897695789584384
1238900017626329089
1238902749800083457
1238905260132966403
1238906039002595328
1238907776920965120
1238910279725047808
1238917842222940163
1238922865002627073
1238924165937324033
1238926196861173760
1238927912411283460
1238930426959405056
1238932944842043392
1238937979260977152
1238943000358682625
1238945460301283330
1238948091102986240
1238953059553882112
1238955585653092352
1238958101212155905
1238963129930964994
1238968070078705665
1238970841997750274
1238974457047375873
1238983264787931143
1238988298908991497
1238997344466632710
1238998360973025281
1239001646920843266
1239005403582791680
1239008174390366208
1239012208685785089
1239017248997740544
1239022277569765376
1239026291883548672
1239027962223132672
1239029818320134152
1239033596528205825
1239038377963421698
1239042390649982979
1239046198746664961
1239049969321103362
1239055001332441088
1239061270088880135
1239068836361637888
1239076380236828672
1239083922773991427
1239091483472465920
1239099046142398464
1239106596657078272
1239114151865331712
1239121678078283776
1239129253469392896
1239134251410509824
1239139287762862080
1239144344520724480
1239149354964922369
1239154315094302722
1239159443599884290
1239162663768293376
1239164452240527360
1239169487955464192
1239170115507273730
1239174558374154240
1239179569749516289
1239182334991179777
1239184586074206208
1239189644295749634
1239194653443981315
1239197198081982466
1239198444620845056
1239200952491692033
1239204752262664198
1239207243859582978
1239208513504784392
1239209746575605762
1239214790012211201
1239218567389773826
1239219833503387648
1239221087210287107
1239222348575911937
1239223595412402180
1239224851472277504
1239229902538313729
1239234930162438144
1239236177187745792
1239237450754592768
1239239947640623104
1239242475899965441
1239244981275148289
1239247500353179649
1239250042143342593
1239255058770001920
1239257600258170881
1239260097634861059
1239262611893616650
1239265141650227200
1239266145468928000
1239267637064011782
1239268900606488576
1239270151058608128
1239272597117980672
1239273934874427394
1239275185016012806
1239275381183721473
1239276447774265344
1239277443556442114
1239277699857866752
1239280271658270720
1239281493823938567
1239281507866488834
1239281523414773760
1239285262724759555
1239287803567095814
1239290277296300035
1239291542445215747
1239295327104090112
1239296480923602945
1239296575211528193
1239300139577196547
1239301626038554624
1239302377267703808
1239305406935109639
1239306668305002499
1239310480197529600
1239312733096509440
1239315454809837572
1239320491640401920
1239323007685996546
1239325517570019328
1239327892221329409
1239329767213748225
1239330550357413889
1239331090273382400
1239333096039886853
1239335587045412864
1239338100779880449
1239340761738547205
1239341869206843398
1239342638773481473
1239344297092276224
1239345665181986817
1239348251020726280
1239349430207295494
1239350688192368642
1239351944583557126
1239355723534020608
1239357465315151881
1239361234140639233
1239363289194418178
1239367029964103682
1239374183878066177
1239378382195957761
1239379178623041537
1239383414744244230
1239385930181611525
1239390949194825731
1239395994158145537
1239401033266278401
1239406049288912896
1239414947865600000
1239417375289741312
1239417594983198721
1239421154219212800
1239426184879931392
1239431235006533632
1239436257823985666
1239438770853855232
1239441290418421760
1239446334593269760
1239448827767271426
1239451358018895873
1239456387970859009
1239461434855174144
1239466452903776258
1239471901111734274
1239474005947617280
1239474007684124673
1239476511566172161
1239479027724963842
1239481549810290690
1239486579552464896
1239491613690388481
1239494801424334851
1239501674449944576
1239506755937357825
1239511758370271234
1239514270892769282
1239516771129921536
1239521360352862208
1239524080728133633
1239526648749469698
1239526838348779528
1239531803624509442
1239532688165556230
1239536925205299200
1239540691262418944
1239544468522569729
1239547384121753602
1239548250652323840
1239550703611326464
1239552038775685120
1239557053062021120
1239562079037784064
1239567131773198336
1239572150702481408
1239577174950191104
1239578266186457090
1239582236766343168
1239587270283481088
1239592276185288704
1239597809172721664
1239599839459106820
1239600608061128704
1239604878999257090
1239607368649932801
1239612433876074498
1239617455519150080
1239622482006548482
1239624670342795271
1239627517687971845
1239630041551720448
1239632550383038467
1239634123129360384
1239637600983560192
1239640109693251585
1239642616356130816
1239644191384391688
1239644896400728067
1239647658677059584
1239650170096287746
1239652138000756740
1239655187905761281
1239657764571484160
1239662401659834370
1239662745261391872
1239667788584796163
1239672811196690432
1239677840158863360
1239682889895288832
1239687947554902020
1239692957734899713
1239697973715632128
1239703026979520517
1239705682506649601
1239708044671549443
1239713087453880322
1239715598147432448
1239718146220621826
1239723138595852294
1239728173614538754
1239730693921550337
1239733219685261312
1239738250274766848
1239743281380155393
1239745793982115843
1239748290880491520
1239751261404237824
1239753340713684992
1239755875239301122
1239758373148594176
1239763433366659072
1239768439155314690
1239770962989547523
1239773480071151617
1239775986759143425
1239778507183529984
1239783535625502720
1239786057610268672
1239788575220281344
1239793624247865345
1239798648499814401
1239803675951992832
1239806180471517184
1239808729501126657
1239811377016995840
1239813729048559621
1239816273627959296
1239818778650783744
1239828838554763270
1239831344605212673
1239833874714279936
1239838922919854081
1239843935561924609
1239846535510327296
1239848981464834049
1239854070434848768
1239859035047952384
1239861562107744259
1239864079960936448
1239869130917982208
1239874140561178624
1239876674638004224
1239879179128180736
1239884263383871489
1239889240609239040
1239891795066204160
1239894275615338496
1239898304571486209
1239899364484579330
1239903540719554562
1239906872578187264
1239909317488316416
1239909383129178112
1239914447545778176
1239915181381214208
1239919447491710982
1239921951608573953
1239924466966310914
1239925766634311680
1239928893584420866
1239929264864210944
1239932017237778434
1239934554334519296
1239939583653171203
1239940507574439936
1239944573042003969
1239944833864814593
1239945060445310984
1239946480489836545
1239949629665480704
1239950941102706688
1239952156666585095
1239953238310490117
1239955597178687488
1239957496816701441
1239962214246776832
1239965047100588038
1239969765407387651
1239975867033497602
1239982399259398149
1239984251422064640
1239986134308065282
1239987845420453889
1239989890554761218
1239994947278864394
1239999976727609346
1240005046282190849
1240007276443901952
1240009873137557505
1240010018499543040
1240015060212293632
1240015816868933632
1240019639092068352
1240020117737607174
1240022612929118208
1240025128790110210
1240030170347692032
1240031436004118541
1240035221287960577
1240035334177644549
1240037725715267585
1240038412410916868
1240042748998225923
1240046535515275265
1240047777872326667
1240050304453926914
1240053317977493506
1240054323440168961
1240055328013783040
1240057853848805376
1240059081316077568
1240064653662830592
1240065646819454977
1240069175487410179
1240069577264050176
1240072762141675520
1240075269303566339
1240075979973890050
1240077985165848577
1240079241838034950
1240083371650408451
1240084932468322304
1240085518626492416
1240088055362588672
1240090583378669569
1240091819691687936
1240099325281218563
1240100624412413957
1240106923485212674
1240108177531772928
1240111345749680129
1240114275047419906
1240116996349603840
1240118267840266241
1240120788382035968
1240125821228023809
1240130173661523968
1240133351148867585
1240135869912231938
1240137131852521480
1240140920164626432
1240145919389073410
1240148454724251648
1240150960640581640
1240155271651090433
1240159760772673538
1240166055332413440
1240169144877830144
1240171104670449664
1240174868039114752
1240178646264004610
1240185233187708928
1240187944671068165
1240191221131350016
1240193767874932737
1240196252895232000
1240201320528785410
1240203804483694592
1240206317765177344
1240211366901841921
1240216390298107904
1240221435358052352
1240222932720406528
1240226475699245057
1240228969842192385
1240231527327444993
1240237463416836096
1240239567422337024
1240241555614638084
1240244074462019584
1240246647113879554
1240249111481397248
1240250380375769089
1240251614797201408
1240252642875621376
1240252831828934658
1240252969746128904
1240253436010127360
1240255400320077824
1240256665527689219
1240260431693955080
1240260585360707587
1240261714781843457
1240265461671100421
1240269277762146304
1240272637227683840
1240273003314806785
1240276842743021574
1240280567746265088
1240282558014816257
1240284388514058240
1240291941755076608
1240293156505169928
1240296941684166656
1240299455708041216
1240304412628828168
1240305919885479942
1240309412251779072
1240314804155437057
1240319826259820544
1240322167268683777
1240323968961257474
1240324614540144640
1240329648136949761
1240334670576996358
1240337246160592899
1240340980521369600
1240342231174852608
1240349045354364934
1240349630694637570
1240349632150077442
1240349633366437888
1240349634507218944
1240349792343113729
1240350553231822848
1240351035740258304
1240352322657693699
1240356082482065410
1240357314454052870
1240359860811816961
1240362594512318466
1240364111126564869
1240364872233357312
1240367452392996872
1240370722096263170
1240372410819334145
1240374244812472321
1240376209793593345
1240376501884895232
1240376792449515521
1240377020204359680
1240377380201431041
1240377639044632583
1240379983211741189
1240382478738763781
1240385023460728832
1240387529834221573
1240392565473542145
1240397603369635842
1240402624316207104
1240407647834292224
1240409737059078151
1240412697902174208
1240417725643620352
1240419795486617605
1240422753364332545
1240425369041285120
1240427814282821634
1240430294492221442
1240432816749502471
1240435340869058560
1240437855245254658
1240440640720318465
1240442897935273985
1240447919121145856
1240448713606270976
1240449931204341761
1240452946707525633
1240457985341652994
1240463015071428609
1240468044260020224
1240471840889372674
1240473074924953601
1240478294195175424
1240480896844804098
1240484419175165953
1240488197848797184
1240493222981447680
1240496259850518528
1240503294881079299
1240505801409810432
1240508316679364609
1240512088713371649
1240515852568539136
1240518404907454464
1240523427942936576
1240528447685959684
1240533501843251201
1240538505450860546
1240543545381064712
1240548610321920000
1240553616370515969
1240558650609012737
1240563694360236032
1240568724110876673
1240571254203179008
1240573739399548929
1240578778344161280
1240581290799370241
1240581292107935744
1240583810862977024
1240588847077101570
1240593914551316482
1240596388737679360
1240598912584605696
1240603935179759616
1240606456635953152
1240609013806571520
1240611495337250817
1240611497623027712
1240613999680663558
1240614966593544192
1240619054777458690
1240624117528879104
1240627223742296066
1240631656312168450
1240633199505653760
1240634143266013185
1240639257833803776
1240642951912525827
1240644219863252994
1240649245880922113
1240653841118433281
1240654325719982095
1240659300575559680
1240661867921575936
1240669470684844033
1240669934549598214
1240671904274567169
1240674411314806784
1240675655475478529
1240676928618737664
1240679455816921088
1240680872489123846
1240681950307852288
1240684519323242498
1240688259778273281
1240689515271864321
1240693605884280833
1240695792437870592
1240699567357583363
1240699830969585664
1240700014474571777
1240700256464982021
1240700541463740416
1240700897761439745
1240701196878245889
1240704619346444289
1240707145542361088
1240709635708837888
1240714744861868033
1240717201755254785
1240719709131210752
1240722260954054656
1240724733731233792
1240725997240176641
1240727272811909125
1240729833207889923
1240731360207286273
1240734818834493444
1240737331101011968
1240739855849738241
1240742359362609154
1240744936758222852
1240749919394246658
1240752440808550400
1240754942811439108
1240757475353202688
1240758923558256640
1240759991042220032
1240762502549573638
1240765070633820162
1240766271278526464
1240770057451515906
1240780122954833921
1240785150339883008
1240787656977547264
1240790201414438912
1240792687931990016
1240800242204913669
1240805284853043200
1240807790458871808
1240810309469773829
1240815335726616577
1240817858252361728
1240820358153986048
1240822901038813185
1240825401372483591
1240830446436573184
1240835495157997568
1240838001447579648
1240840512984289280
1240843727461142528
1240845539173904384
1240848061234102273
1240850588692340737
1240855793400008704
1240857131668123650
1240860626249015296
1240865687385636866
1240870699453087744
1240873250198040577
1240875744500297728
1240880766168510464
1240885797265584128
1240890832691101697
1240894375997169664
1240895889562107905
1240900906293624832
1240903438931759105
1240905919161962496
1240910974716121088
1240913471027503106
1240916006614286336
1240921048461332481
1240926055692677125
1240928576842665985
1240931113834553346
1240933934524968960
1240936129064550401
1240941217564721153
1240943688622190592
1240946210392989696
1240951235588567041
1240956275736920065
1240958795548897281
1240961297589719040
1240966343618412545
1240971369812295681
1240971373318676481
1240976390775812098
1240981430135664640
1240986468094533645
1240990246889816066
1240994044601421824
1240997787350847490
1241001600006729730
1241006601269641217
1241008933709459458
1241014164769902593
1241020453528965123
1241024480731897856
1241026199335440384
1241028245476331521
1241029034349297666
1241035550519373825
1241037709008912384
1241044811144204288
1241046884766138368
1241051336885637123
1241061977415471105
1241064994847981574
1241066996525080581
1241072042578980865
1241077098770546691
1241082095252000770
1241087141553242112
1241088761271848960
1241092186550173696
1241092742173917185
1241094686711910402
1241097207861911558
1241100719161253888
1241102233204334597
1241104817260544000
1241107282299105280
1241109263268876298
1241112300599283713
1241117330106716164
1241122409811492870
1241127406246731777
1241129922770407424
1241130387927183361
1241130580437278720
1241130900412411905
1241131117585014787
1241131426210291713
1241131569680658434
1241135243135942661
1241136384737411080
1241139981076303873
1241142500833837062
1241144912747388929
1241146824263643136
1241147545474273280
1241150046634160129
1241152569382252545
1241155093078183937
1241157584603709441
1241162633002266624
1241165151589580801
1241167669258313730
1241168985829396481
1241170198578724871
1241172687755440128
1241175224147677186
1241177740579086337
1241182398513057792
1241183070281183233
1241187064537890816
1241190310220378117
1241194086243147776
1241195332492496899
1241199294180450304
1241205437040648193
1241208142119292929
1241210447078002688
1241213005020479490
1241218254074494976
1241219644217843712
1241223028006105088
1241228081647542273
1241233087998107649
1241238122811330560
1241243192244277248
1241250714481053696
1241258270309920768
1241263288715018240
1241268316079079424
1241273375030497280
1241280902904365056
1241288482200391681
1241293491600228354
1241298518402310145
1241303571691438083
1241308597038002176
1241313629682765824
1241318667419373568
1241323680917000193
1241326220568125440
1241328728933904385
1241333763625418753
1241338789827575811
1241343831011930112
1241348851568648193
1241351363260538880
1241352875713929216
1241353154920357894
1241353216777949185
1241353501105696768
1241356388636516353
1241359178003865608
1241364024165572609
1241366469516107776
1241369491361144832
1241371518451494918
1241374026611687426
1241376535979982848
1241379100561981441
1241381570877042691
1241382825431052288
1241384080891142144
1241385355657596928
1241386609930534912
1241387140933652481
1241389125720256515
1241391630143442952
1241394178115997697
1241397941102956545
1241401735459078144
1241402955665997827
1241404209402167296
1241405478850134017
1241409279720071169
1241413030640001025
1241414294593552388
1241415280758329347
1241416838145245187
1241418048789151745
1241421331289210881
1241424345098043392
1241425610460860416
1241429381471522818
1241431909936357378
1241439460899917829
1241440714136981506
1241444496358944770
1241448252354056199
1241450773042659328
1241455623469969409
1241455625021927426
1241455626783506432
1241455629073555456
1241459582305779714
1241464620088545280
1241471021355589632
1241474676699869184
1241479709558370304
1241484765372522502
1241487259544797186
1241490032998920196
1241492311869214720
1241495063881973760
1241499864174866438
1241504894164623360
1241509930370301952
1241514954181816321
1241521392430059522
1241527170553479169
1241527171543334913
1241527172369723393
1241529100667359235
1241533839438118921
1241540107146006528
1241545166013566976
1241550185798434817
1241555215045844997
1241558431632363521
1241559208459460608
1241559209747021826
1241559211789750281
1241559213425545219
1241559215057092609
1241560763531173888
1241567129574531073
1241567790760411136
1241572834461257729
1241578375027789824
1241584154850050048
1241590458733801473
1241595485078589441
1241600512316801025
1241605538946957312
1241605798633095176
1241610583851622402
1241615608980148229
1241621150167371777
1241626773193928704
1241635741026959360
1241641431556644865
1241648798327242753
1241656656729182208
1241664523402174465
1241670979220393984
1241676030613520384
1241681061505118208
1241688596777775106
1241696162106806273
1241703692979638272
1241711260317687808
1241715021626966017
1241726375964401666
1241727596985036800
1241731364807991296
1241733223916412929
1241735154952859651
1241737665709514752
1241741477367218185
1241745222352211970
1241748998031052804
1241752759747084288
1241756601561821185
1241759324189401091
1241764131897782272
1241767852245385217
1241771653211869184
1241774154073935874
1241776677132304384
1241780437887959040
1241782965312589827
1241786774093017088
1241789254461796353
1241790197530066949
1241791415497129986
1241794315204075520
1241798067139031040
1241798565544038402
1241801887034347527
1241804364928466944
1241806867262734337
1241811910624006144
1241816951762104321
1241821774569971714
1241824508786376705
1241832035838279681
1241835831456907265
1241839592086605824
1241847183214809092
1241850908415332352
1241854706722504704
1241861621481431047
1241867282021826560
1241872307066462208
1241874820872224769
1241877401799401472
1241882375832862721
1241887398696534019
1241890202676867073
1241892441105616909
1241897460127203329
1241902504830545920
1241904207717896192
1241907533977092096
1241915097565597697
1241919886974205952
1241922663880314880
1241926408395468800
1241930201484976129
1241933953101107200
1241937762401628160
1241941496481406977
1241945274676850688
1241949070798868480
1241952849950621696
1241956605266219008
1241960393771188226
1241964157232205834
1241968199341498368
1241971710804582400
1241975491525054466
1241979258307829760
1241983061253853184
1241986800421306368
1241990589970886656
1241994355017158659
1241998147230056448
1242001911680765952
1242005698927566849
1242009461771907072
1242013263308771333
1242016997355008000
1242020784182300674
1242024568086282241
1242028339797295104
1242033353076899843
1242038393737019393
1242043433541386241
1242048472171364352
1242053500189790209
1242060391657680896
1242063564103389185
1242068599361155079
1242070914042335232
1242073615694249987
1242075403566616576
1242078673165004804
1242080672401031168
1242083311524159489
1242083702731091970
1242086202385354759
1242088784944119810
1242090974374854657
1242093769345961985
1242097424107110400
1242098796391170048
1242103870098112512
1242108878705307648
1242113542016335881
1242118952446300165
1242123967525277696
1242128993526087683
1242129905187467265
1242131076451045377
1242134063038767110
1242135975536582663
1242139057922195459
1242144109684539392
1242148173612752897
1242159199913639937
1242161702625517574
1242162932663947264
1242169255665250305
1242176811972386826
1242177072031768585
1242177378677383175
1242181268625858563
1242181838191329280
1242182858535505927
1242183677788008448
1242183902569074693
1242184173554733057
1242185384693567489
1242186683728179201
1242189392573325313
1242194514015592450
1242196778931421192
1242199451038625793
1242204509385998344
1242209582702825472
1242212035322150914
1242214569268969482
1242219591478251526
1242224673661825024
1242229659791654920
1242234691215863810
1242239763681288192
1242244768010207233
1242247290515001346
1242250420879319040
1242250990184792067
1242250991946412035
1242250993791729664
1242250995842846727
1242250997277302786
1242254887364296709
1242257350897131525
1242259872974077956
1242264892624830475
1242267420930252800
1242269918386585601
1242274938163265542
1242277496789368835
1242279984674332672
1242282492486434816
1242285004886904832
1242287548032061440
1242288822639120385
1242292009844563968
1242292011148902402
1242292012231122944
1242292014022103044
1242292015125139462
1242292016630857730
1242295087138328578
1242297907455418368
1242300127676678144
1242303902210539521
1242307693135659008
1242311455686492161
1242314018116730881
1242315472097476609
1242316989491810304
1242318993937104899
1242322794102300673
1242323954250870784
1242326548612554753
1242334106391896066
1242336122354663425
1242337888903278595
1242341643342295040
1242345426449293312
1242349201134100480
1242352981271609345
1242356757353172992
1242360532897804288
1242364304525066240
1242370585684049920
1242375639203819521
1242380656497303552
1242385681005101059
1242390749989294086
1242395760878116864
1242400793925496834
1242410852382314498
1242415875254292480
1242420957853233152
1242425965587939330
1242428031702007816
1242430972425113600
1242434344100265986
1242437266859003911
1242441042449891329
1242442314833965057
1242445137885757441
1242448607481118721
1242451168095322113
1242456178183061505
1242461189780758528
1242466371956625409
1242471269049741312
1242473457234915328
1242473808713433088
1242473904318414848
1242473906788864000
1242476307990052864
1242481361883193344
1242481770538373122
1242486356322013184
1242488919276519424
1242491377159671809
1242491614305701889
1242496476938469376
1242501448212103169
1242501448706985987
1242506244222574593
1242511536729600001
1242516096659439616
1242521568972099584
1242524283294842880
1242526620042162176
1242531637340049409
1242536685616930818
1242539212626440195
1242539616105902081
1242541718941155328
1242543627743748099
1242546743469920262
1242551778349944832
1242555755523440641
1242557759880650752
1242557871151362050
1242559322808295424
1242562615026515969
1242564104142958592
1242566888015699968
1242569404174553089
1242571920291348482
1242576949941338112
1242577693297778688
1242580329401061377
1242581990660079619
1242582295590174722
1242582511303229440
1242582723224633344
1242582959443632136
1242583160862445568
1242583397869985793
1242583580947210243
1242587010218561537
1242592054980599816
1242597090758479874
1242599596242632711
1242602134161575936
1242607135483142146
1242607136544301057
1242612178508750848
1242614708521373696
1242617220502609920
1242622238827974656
1242627289789214720
1242629804102422528
1242632329065005056
1242634824034201600
1242637352964632576
1242642384262922242
1242644885116784643
1242647439707906049
1242652444376682496
1242657484973772800
1242662551403597826
1242667558421114880
1242672566545928192
1242675084487163908
1242677623916056576
1242680953086136320
1242685054830161920
1242687667206344705
1242690198946959363
1242692700769574913
1242697747725193216
1242702771524177921
1242707834699120640
1242710324622643200
1242712839661539330
1242717882083147780
1242722946747162625
1242725424611942406
1242727955798818822
1242732976405954561
1242735502807175169
1242738006278144000
1242740522688618496
1242743033243803648
1242748085077409793
1242753152765624320
1242758140757774337
1242763184588623872
1242767228719726593
1242768204667203584
1242770753679917056
1242773249538301958
1242775765969666048
1242778271433003008
1242783359840980992
1242788343492096003
1242790915548286976
1242793381841043457
1242795893709058049
1242800137728073728
1242801690698547203
1242803446002188288
1242808471743090689
1242810984567373824
1242813524017020928
1242816026296934401
1242818536277508096
1242823576102764552
1242828686589677569
1242831151447883779
1242833641148907521
1242838673126719488
1242843720153796610
1242845021541470208
1242846221045305346
1242848733697642501
1242853785447342082
1242854629555294209
1242856283050577921
1242857529022898181
1242858872878104587
1242862679053778945
1242863829261877249
1242865913239605248
1242866373539377165
1242870145468506113
1242873988482818048
1242878936914198530
1242883975632359425
1242889019958140928
1242891317706928128
1242891523705970692
1242894054418939904
1242899071368663042
1242907389466157056
1242909152457916417
1242911642914115584
1242914188940492802
1242919219454410753
1242924246868856833
1242927100279115776
1242929269937971201
1242930783863611398
1242933152588406787
1242936817239969793
1242941853453955073
1242949450642919424
1242954443051741184
1242959525369597955
1242961984733294592
1242964537583730690
1242969541015220226
1242974566433140736
1242977083929833472
1242979589485465601
1242984627310125057
1242989669807271936
1242992167704055820
1242994743279312899
1242999729384030209
1243004770190835712
1243009841389539328
1243014840807043072
1243019859300167680
1243022881694638083
1243024949239001089
1243029924413349888
1243034965178286080
1243037482859593730
1243040011076894720
1243045034733326336
1243047564678778881
1243050065125613568
1243051143510601730
1243055113691947009
1243060121393119232
1243062698126049280
1243065158420889600
1243070215530971136
1243072711280164870
1243075223919964166
1243079013490397184
1243085300626264065
1243087812871835649
1243090317651435521
1243095361033588736
1243100426385477632
1243102913125322757
1243105423873527809
1243110452768452608
1243115513867309062
1243120529277673473
1243125573238566915
1243130606151700480
1243135623562694656
1243140671311171584
1243145718778540034
1243149348277571585
1243150718737022980
1243153505508081671
1243154798557396993
1243155781261955073
1243160816322560007
1243165826376765441
1243170862616006656
1243175969399193600
1243178079620661250
1243180928253517825
1243185956846534657
1243186906617335814
1243196026602901506
1243199008509698051
1243200795169959939
1243203577625092097
1243209897438740482
1243211576968122368
1243212143249502209
1243214826324856835
1243217425342115840
1243218686900649984
1243221285443899393
1243226237205700608
1243227483756990464
1243227829619261441
1243229593613582337
1243236347659325440
1243238809132769282
1243239406116524032
1243239882111225857
1243240329307971584
1243240934436995074
1243243858277867521
1243245447323533314
1243246363342766082
1243247613111083012
1243251137991643136
1243256429043232770
1243258622181769216
1243261471959777281
1243263984666632198
1243266525164908545
1243267689474392066
1243270324692619264
1243272791316664322
1243274051713368064
1243276568740466694
1243279085012422669
1243279575473360909
1243280077514846208
1243280583435968512
1243281634666954755
1243284108836552707
1243284198791749637
1243286619513331714
1243288795086233601
1243291651830931459
1243296758446293008
1243298088338456576
1243299216006557698
1243301730319810560
1243303121989877765
1243304256578428936
1243306753388957696
1243311796926242816
1243316818602872833
1243321866309316608
1243324381390082049
1243326935771594760
1243331922903908352
1243336970362904576
1243339488362889219
1243342009395535873
1243347039179747328
1243352060118151173
1243354573567393793
1243357112530423809
1243362117773701123
1243367151798325249
1243372218903642112
1243377220242100229
1243382254530748416
1243387273015488513
1243392427278217216
1243397359175790598
1243402406177599491
1243407412540764163
1243412455142768640
1243417503973298177
1243419993468841985
1243422524173504512
1243427559959740416
1243432619934658565
1243437610552512512
1243442647773196289
1243445186350456832
1243447683408252928
1243452716246065152
1243457734189645824
1243462820781572101
1243467825739595777
1243471553569882113
1243477895198228480
1243482915918446592
1243487946566782976
1243492981774090241
1243498010920747009
1243499876740194304
1243503054361632770
1243513104736059392
1243515330141589505
1243517294308921344
1243517347182379009
1243517442577649664
1243520354951352320
1243520678114086914
1243523937390256129
1243528224895893508
1243529791413743616
1243533248501895168
1243538362901975040
1243543322918039558
1243548355818594306
1243553449163272194
1243558424429965314
1243560920963600384
1243561760856182785
1243562212289060871
1243562469341237252
1243568496090497024
1243572281370165250
1243573524373082114
1243576596415610880
1243581681510035457
1243583630875787265
1243589836004622337
1243592770004156418
1243593646252883971
1243598693707788288
1243600923714359296
1243603957043298309
1243611532648484864
1243613784423501825
1243614153677438977
1243614402538070017
1243614784999829509
1243615097278382080
1243615395984130053
1243615675035324417
1243615942183190528
1243616194000826369
1243616481973280769
1243617059617021955
1243618805101858817
1243620146830336000
1243623854062305280
1243628921557573632
1243630728396537859
1243631414161137668
1243631644810055685
1243633913551097857
1243638431714074628
1243640216528789511
1243644041918656513
1243645759423160322
1243647763356712961
1243649005227294724
1243654056243015683
1243659122433765384
1243661593709285377
1243664118047019016
1243664398431981572
1243664618498768897
1243664808009965569
1243665134335209480
1243665406507843584
1243665720757628929
1243665882431315969
1243669148921626625
1243670944117395456
1243674223270416384
1243679227024736257
1243684250723012612
1243689302414024704
1243694314200403969
1243696827658051591
1243699679566725126
1243699905845178368
1243700106467127299
1243700419748036610
1243700643547754497
1243700840784900099
1243701074520952833
1243701335930920960
1243701615929982977
1243701895396540416
1243702343507554310
1243702573951070210
1243704393901408257
1243709412772139013
1243714451204947969
1243716949055549443
1243719464178405378
1243724514250444803
1243729552993632264
1243732059748737024
1243732693742993410
1243734610955120640
1243739602399236098
1243744647433916416
1243747153803194375
1243752194035384320
1243757227955179521
1243764788683059201
1243772322915459072
1243779873233141761
1243787424825782277
1243794978687660032
1243802517038944259
1243810070976217091
1243817629007167488
1243825209704144897
1243832736017608704
1243840316182081536
1243845305113677825
1243850341663346696
1243855381979373569
1243860414024298501
1243865425974345728
1243870504945176578
1243875494459817984
1243877220176859140
1243878016197017601
1243880533806985216
1243885588828299264
1243890596475031552
1243893112415703040
1243895647528521729
1243900726515990530
1243905703791726592
1243908227491860482
1243910738676244481
1243915794435788802
1243918287676768257
1243920802782875648
1243923318173990914
1243925837604323329
1243928339267624961
1243930897956638720
1243933394741989377
1243935918886658049
1243938436681289729
1243940934573854721
1243943294800977920
1243945989393784832
1243951007182307329
1243953551921070085
1243960307774562305
1243960961192603648
1243960962950062081
1243963586931822592
1243966113379225602
1243968629219131396
1243971139971551233
1243973647141941248
1243974425944502272
1243974427353788416
1243974429350285312
1243974431409659904
1243974433355763713
1243974787833253889
1243981209836957696
1243983730924032000
1243986224597123072
1243988742915919872
1243991284999688195
1243996306781151232
1244002509674463234
1244006386310283265
1244011397966675968
1244013955959447553
1244016419433598977
1244021453290459139
1244022996420964352
1244026510446600193
1244032060496453634
1244034052748972039
1244036583529025538
1244041605583196161
1244046638844444673
1244051673502318592
1244054180999954433
1244056699771801606
1244059201292447750
1244061729811836928
1244066462601564160
1244071816915832832
1244076825300684800
1244081895417266176
1244086905152602112
1244096998027988993
1244103640052359168
1244106145784115201
1244112073044434946
1244115823872090112
1244127200972099585
1244137223496269824
1244142267503382528
1244152320935571458
1244157373188538369
1244165245423308803
1244172459718389765
1244177493168402432
1244187561343569920
1244187562849325057
1244202667364286465
1244217766812561409
1244222786467479554
1244225314600837120
1244227816960462848
1244232890155753477
1244237900599918593
1244240146297434112
1244242464212467718
1244242925070024704
1244247988219846657
1244253000421564423
1244253528731922434
1244254192048443401
1244254283752706049
1244258016670744582
1244263099957469185
1244268090482966528
1244273124864151552
1244278149237571584
1244282631627431937
1244283442449338374
1244288257124438016
1244293305032204289
1244298296996302848
1244303320375853061
1244308373430063104
1244309262223978496
1244309263897559040
1244309265382326273
1244313412420669442
1244318419090055169
1244319237612679170
1244326974778159104
1244326976493625348
1244333518471168000
1244336026929311749
1244338564474843137
1244346127480127488
1244353697993326592
1244358682869215233
1244363735579471873
1244368937149698048
1244368938508652545
1244368939842486279
1244368940882710528
1244368941809651720
1244368942732324870
1244368943994855429
1244368944837939200
1244368945639043072
1244368947220295681
1244368948600111104
1244368949552300034
1244369308249186305
1244373795739250690
1244378832519467014
1244383883518521347
1244388885049880576
1244395677645406210
1244398959042400256
1244403996611280896
1244409018992517126
1244414039305981954
1244420333509193728
1244424110786183168
1244424117111132162
1244426864833318912
1244429173650788352
1244431675288948738
1244436693094105089
1244439224213999619
1244441734295236610
1244444273900163073
1244449292586188802
1244452254691835906
1244454321074450436
1244459364104183810
1244464391556341766
1244466907169935360
1244470662665850882
1244474457139433479
1244476970374770689
1244479490400694273
1244482009986215936
1244484515617296385
1244489552452091905
1244492054870269952
1244494586845822979
1244502124341481472
1244504669302513664
1244509687669809153
1244514712064266241
1244519767542763520
1244524770013650944
1244529805305032704
1244534890353307649
1244539889112285184
1244544915402567680
1244549982897635328
1244554981233102848
1244557508666155008
1244560020467060744
1244565087765114880
1244567565394993152
1244570084527550465
1244575108196454401
1244580170457067520
1244585182574915585
1244590129232084992
1244592971447762944
1244595240545275905
1244596743699914754
1244600280215412736
1244610385593991168
1244613458462748673
1244615381974683648
1244620412874522624
1244625475428851717
1244626783317692416
1244627028818698243
1244630482878435336
1244635509646938117
1244640561895792641
1244645571849306116
1244650617970319361
1244653129444048896
1244655674488954880
1244658377554374656
1244660667967209475
1244665720589488130
1244670757499699201
1244670807055511559
1244672957613563905
1244675781567172610
1244680831605637126
1244681356807995393
1244687019005050880
1244688515897659397
1244689632115208196
1244690879253790720
1244693429608726532
1244695912586326023
1244700980853301248
1244705979259932674
1244712288982097923
1244712683343097856
1244715110083502084
1244716063893446666
1244716803722543109
1244721084685004801
1244722226429071365
1244726119519211523
1244731170891485185
1244736178303139840
1244736707339173891
1244741207034642437
1244746402552569856
1244750280597614593
1244751280045686784
1244756306705121285
1244758831575547904
1244761408644022272
1244763856280465411
1244766362280624132
1244771415204691968
1244776472063205376
1244780713670578177
1244781479655346178
1244786503492001792
1244789031176634368
1244791611218956289
1244796577312575493
1244799098869493760
1244801864119529473
1244804127839997953
1244805864978034688
1244806648281083904
1244811676995723264
1244813281455456257
1244816716779196416
1244821774623223809
1244824524157341697
1244826789266051072
1244831798728765440
1244836836704387072
1244841882305298432
1244843949275168769
1244846914736185346
1244851949230592001
1244856965165125632
1244862013400068101
1244867050952175619
1244872071882199040
1244877105755717634
1244882142603227138
1244887167706583046
1244894484170600448
1244902268668973056
1244907305466019841
1244916095733174272
1244921857415020545
1244924410357833733
1244932466739163136
1244937513027895296
1244942557542580225
1244947577277161474
1244950295974641664
1244952613956747264
1244954548281671680
1244957652423245832
1244965186882207744
1244967692014149632
1244972788554895360
1244977771643842560
1244982792011857924
1244985768638132224
1244987857594441730
1244992864226103297
1244997921470324737
1245002970305101824
1245007972645904385
1245010527094530048
1245019169655046145
1245023557463224322
1245024323326410752
1245028072107192322
1245030620494999553
1245037711750303746
1245038704382693381
1245040690385616896
1245045709323280384
1245050710837932034
1245053261532606468
1245055825003102208
1245059580117344258
1245060695902892032
1245063352507944960
1245065841609265153
1245073398209839117
1245075911692759042
1245078449225687040
1245080357868838913
1245082220907413511
1245083457010708482
1245083461582491656
1245093579191734274
1245096066250391553
1245098811531366401
1245103605805432837
1245108201718251528
1245108705739358209
1245113916151259138
1245119198331916298
1245121707540721667
1245123712011112454
1245128763026944014
1245131291525341185
1245133790109995008
1245136318600003584
1245138853700210690
1245143868640833542
1245148893605777409
1245151416093683712
1245154014074998786
1245158948665200641
1245163991917367297
1245166899119480833
1245169035337183235
1245174075506507778
1245179100047855617
1245181605137743872
1245184127067922432
1245189147238727681
1245194202427928576
1245196711871557632
1245199248754462721
1245204247563718656
1245209284775944193
1245214350492794882
1245216835596935168
1245219364648910848
1245224379996352515
1245229429237964801
1245231931698155521
1245234450725830657
1245237740020654080
1245244543185936386
1245249547271573505
1245252078202691585
1245254585964539905
1245262138400296960
1245264666227605504
1245267192117149698
1245269675207995393
1245274726043394048
1245279757228486657
1245282285068451840
1245284791882321921
1245289857003466753
1245294851819700224
1245297374228090881
1245299396968943617
1245302056937615361
1245303176464609281
1245304934771363840
1245309967361626113
1245312471478435840
1245314981719130112
1245317596905439233
1245320071787970562
1245325047281131520
1245327606460944384
1245330097281871875
1245335171664150528
1245340154476331009
1245342708807405570
1245345213712945152
1245346419013287939
1245349710711439360
1245350287839240192
1245355249172447233
1245360294995595265
1245365355138220033
1245366848306192389
1245370355155447808
1245375135466639360
1245377908388044801
1245380477998989312
1245385451395059714
1245387384117694465
1245390490176028672
1245392994393624582
1245395516516687872
1245397549713891329
1245402620933681153
1245403085754839042
1245405591029395462
1245408384268095494
1245410670750900224
1245415642066554882
1245418189435125762
1245420695426916352
1245425748875382784
1245430746904440832
1245433268939472897
1245436023129214976
1245436576051625988
1245437122464624645
1245437569837469696
1245437880778067970
1245438066464088064
1245440839075143685
1245444171298754562
1245445863251554307
1245448797804773378
1245450884777160704
1245455961478828033
1245460458422837249
1245460954667724805
1245465985190166529
1245471014131302407
1245472177140445192
1245476048445284357
1245481083623350283
1245486134228062209
1245491161944543234
1245496189937750017
1245498702594269190
