1234993660762021891
1234999861688168448
1235004423761539075
1235009015953883136
1235013573652484096
1235022242259460096
1235025398737453056
1235039539271331840
1235072906213748738
1235090255113383937
1235095463130312705
1235100326195163137
1235105228438949888
1235110174953598981
1235115092577906688
1235134436234186752
1235148988103479297
1235156581102342146
1235161275967164416
1235166200029683714
1235178620856995843
1235185494125928450
1235216962327916544
1235220965124198401
1235225680218071041
1235231212802801664
1235239764237987843
1235246866280873984
1235251724006445059
1235256519316377601
1235263817904513025
1235268258888118272
1235272872010174464
1235277251475894274
1235282543794155525
1235286470195367938
1235291156335992837
1235295053922398208
1235299140915130374
1235303161751105536
1235307986609987585
1235311957063979015
1235316903352119296
1235321154870575110
1235325898796171271
1235329763759321088
1235334590581092354
1235339463485796355
1235339746882269185
1235343344039063554
1235345732607135744
1235351123009077249
1235355626907238400
1235360821540261888
1235366228941844480
1235370879405694976
1235375692155629569
1235380515219419136
1235384610600693760
1235400671261790208
1235411591476187141
1235417147284901888
1235430471636586496
1235435193265254401
1235444331500142592
1235448840968458240
1235461000561913856
1235464844494737408
1235468705628372992
1235473304389120000
1235477843284496384
1235482265095819266
1235491895243083777
1235496755304656897
1235510435639693312
1235511601177874433
1235516340468772864
1235520998486786050
1235525752449167360
1235528463299182592
1235530567233478657
1235535427815092224
1235539496013312001
1235544209903489024
1235548169305567233
1235550929748987905
1235551986977779713
1235556344704446464
1235558656340570112
1235560325132554240
1235564173695860739
1235569051180716033
1235573431598485505
1235577887752929280
1235583926938333184
1235596133902278656
1235598840796864513
1235602567125774336
1235606852924211201
1235611107328430080
1235611798084165634
1235615859378458629
1235620479064576002
1235625210562277381
1235627133243973633
1235629664271503360
1235630122142580736
1235634206379778048
1235639163669614592
1235640251407831041
1235644272579239936
1235644763413655552
1235646623721512960
1235647560532078592
1235650305246797825
1235654898429104134
1235659492681043969
1235664642506207232
1235669235193401345
1235671446703271951
1235671461806739456
1235675980938829824
1235679249698258946
1235679496788996100
1235681009636503552
1235682524384440322
1235686543450243072
1235686543634976770
1235690569374093312
1235690821749551105
1235694551853080576
1235695099410931712
1235702511350108161
1235706357472546816
1235711305161617415
1235715732220108800
1235720015221067777
1235723527002697729
1235728485370548224
1235733068113211392
1235737651640074243
1235742296404041728
1235746960495112193
1235747212757536768
1235750472151191553
1235753233924136961
1235757902993989632
1235763149506252801
1235767499372859392
1235771936086601729
1235776644314513409
1235781487619911682
1235786286159495173
1235790735854784512
1235795149738971136
1235799538025316352
1235803530788814848
1235808057319231489
1235812514589323264
1235816963860877314
1235820993337163787
1235825079008645122
1235829709918724096
1235834296071417860
1235838475120701442
1235843322297462785
1235847403321712640
1235851936311562242
1235856047803215874
1235860125287501825
1235864634906705923
1235868782490337287
1235872938441592833
1235875283002986496
1235879318582104064
1235883565172363264
1235887463152979968
1235891337217454080
1235895272347242497
1235899744393797634
1235903777699442690
1235908643515756546
1235913035237203968
1235915562204659713
1235917059420237826
1235920166124429318
1235921350541352963
1235925376251162624
1235928138997211136
1235928140834320386
1235928142931521536
1235928292408074240
1235931660438433792
1235931925258305549
1235931925895880707
1235932156863578113
1235933916818747396
1235934930313588738
1235934931588653060
1235935434540187648
1235935696835284995
1235943243600277504
1235944489069527040
1235948587131039744
1235952474256822274
1235956579419262983
1235958361348325378
1235963461361954816
1235967620756758533
1235971416270475264
1235973553784225794
1235975406647414785
1235976192710279173
1235980991744880641
1235988534672097282
1235988537188716544
1235988539843710976
1235988542431678467
1235988544553914368
1235988546764365825
1235988549306023942
1235988551155712002
1235988552778948616
1235988555324952578
1235988557233340417
1235988558726467585
1235988838339747841
1235991561898426368
1235991563949551617
1235993061164974082
1235995324994457605
1235995838616416256
1235996321271754752
1235997591747391489
1236002624144650241
1236002624408678400
1236003643192750082
1236004141245362179
1236008415442460674
1236009926058795009
1236009928059428864
1236011195498405889
1236011950674452482
1236012689866010624
1236018752740880385
1236020731735048193
1236020992331444224
1236022003582341123
1236022514981224450
1236023782520893441
1236026280136581123
1236026784992419840
1236027279379255296
1236028554837704704
1236029566382231552
1236031058803556353
1236032327043735552
1236035848182870017
1236036332989841409
1236037868285562882
1236040629995671555
1236042633312600064
1236044918616993792
1236046679415164931
1236049444312952832
1236049954784923648
1236057491265462275
1236058249750818823
1236061518019641344
1236062769700573186
1236064032433623040
1236065278422929411
1236067043620904960
1236071586958135297
1236072835749208065
1236077616542756866
1236078888096235520
1236079889519964162
1236084456785686533
1236085176641470464
1236089122051235844
1236093723089539073
1236098246864449537
1236098504239599618
1236099257989505025
1236099767299604480
1236100523104837632
1236104786707087360
1236109444494262277
1236113304680116224
1236116611880411142
1236117640285958144
1236119140492025856
1236124732065492992
1236129403211563010
1236131730148507648
1236132725670785025
1236135758274138114
1236138005796134917
1236142580229947397
1236144064510205954
1236145574770028544
1236148337759436802
1236152474987302913
1236156663213756416
1236161120907509760
1236162196801019904
1236166256702742528
1236169750658592769
1236173797893591040
1236178168198975488
1236182061553197056
1236186049526804481
1236190078474620928
1236194649372581888
1236198642945593344
1236199936791805953
1236202934880415745
1236204956253851649
1236206222069690370
1236206222144987136
1236206223726346240
1236208477455908866
1236212254116401152
1236213259642064896
1236215017772584960
1236215019819470849
1236215043609554944
1236217293719420928
1236219059538141184
1236223574517731330
1236230177665044486
1236233392573812736
1236234156440420353
1236235410126274561
1236237675587350528
1236243225763106817
1236244215056785408
1236247737265516544
1236250250890956801
1236251012740104192
1236255444441673729
1236259306997272576
1236260349869019137
1236262848797519873
1236266694970089472
1236270406237065217
1236271168434380801
1236275087046856704
1236275421173465089
1236275573137301504
1236278444583006209
1236278697109438464
1236281212425158660
1236281705536917504
1236287258749272064
1236289008285757440
1236290541563842560
1236291024420507649
1236295308839129089
1236296057002360834
1236297051962564608
1236298084080066561
1236300334387118080
1236305608011374593
1236305665423036418
1236305665515282433
1236306375074099207
1236308912086941697
1236309642835300353
1236311906933063681
1236313169020280833
1236313429138444289
1236320720088707073
1236325265522987009
1236328283647741952
1236331796788326400
1236335643397181442
1236335834963550212
1236338077943115779
1236341091609333761
1236343366989811714
1236344364126871552
1236347906535415808
1236350927281553408
1236350929034784768
1236350929252823040
1236350930993524745
1236350931412762625
1236351927207759872
1236354954656391175
1236365018175766528
1236366019091890178
1236366035256774656
1236369024235327488
1236369537727115265
1236372568006852611
1236379367326060544
1236381128707256320
1236381130472988673
1236384635518672897
1236389668586950657
1236394224905523200
1236394947894489088
1236396241870872576
1236402251041779713
1236404029862875136
1236404519141064706
1236405284014182400
1236427667764895744
1236432959332331520
1236432960846528512
1236442100398424066
1236446145339064320
1236450246827413505
1236454382876659712
1236459347590500353
1236463483958571009
1236467793308024834
1236471705645780992
1236471840194932736
1236476819639087105
1236480959115034624
1236485435494449154
1236489568712564736
1236494181859811330
1236498224481013760
1236502230674661376
1236502423285489664
1236506818819612674
1236511600095440896
1236513260393857025
1236517016489648129
1236521285099847680
1236524554983538689
1236528851083280384
1236532637629644800
1236535136709234689
1236535387314675713
1236539262255935489
1236543041336377345
1236547734649417728
1236551528015638529
1236555766682865664
1236559590176837633
1236564154770763776
1236568210285232128
1236572095708106754
1236576103373946880
1236580701681614851
1236582696538832896
1236583954712530944
1236584462214889473
1236584976390504450
1236592554633723905
1236592558446428160
1236592763006783488
1236594780454469632
1236595778996576256
1236599554784493568
1236600587527086084
1236601825287168000
1236605598189400064
1236607638059782144
1236609875641356288
1236614600122150912
1236616161409863682
1236617928281395201
1236622725013274624
1236626231107477505
1236627743057629187
1236629506418520064
1236631774983270401
1236634032139644930
1236637891289329672
1236640318642098177
1236641040809054208
1236643336607469568
1236643597363134467
1236643854297763841
1236643862682230785
1236644365621174272
1236646875492737025
1236646875589152769
1236652935066652677
1236656439365697538
1236656950273814529
1236658688984743936
1236658948637446144
1236661975163305985
1236662982488317952
1236663979923189762
1236664228028780546
1236665740339621889
1236666745752039427
1236668014877179908
1236669510675042310
1236674027189649408
1236674555235782660
1236678763183824896
1236683118720974848
1236683130641289218
1236686022106329088
1236690873007693824
1236694672795414529
1236698203472486400
1236698205800235009
1236700473102647297
1236700966721933315
1236705671032209409
1236705772467302402
1236713310193623043
1236717111415799809
1236721371209703426
1236722114176090112
1236722627655409666
1236725898776383490
1236731684399337473
1236731941031944193
1236732206778900481
1236733457881010181
1236735452289400846
1236741483350327296
1236743531076685824
1236751819164061696
1236752558221385729
1236752558233976832
1236752825922838528
1236753064599662592
1236762138905018368
1236765147676528649
1236768669688004609
1236769685972103169
1236773746469474305
1236774457949249538
1236777476862414851
1236784783528734721
1236790303446753280
1236798127719493633
1236804375865106432
1236808481669361672
1236812552383926272
1236816755529584640
1236817245692706816
1236820007549534211
1236824439033126913
1236828390910496773
1236832452812967937
1236834277842653185
1236836266534154241
1236840984681558017
1236845327312920577
1236849209569153024
1236849237364740096
1236853023617552385
1236857471303639040
1236861345263386624
1236865153376944129
1236869105451401217
1236873472321650688
1236877526011650049
1236881570058944513
1236885515984666624
1236887967085613056
1236892318420078594
1236894513047756800
1236898528334667776
1236902591818326016
1236906427295432705
1236909697174851584
1236910818136150016
1236914784454545409
1236918785514393603
1236922836570210305
1236924710534950912
1236925698662694912
1236927218867146754
1236928217543512064
1236930984139948032
1236931237970837505
1236939821110657024
1236939821723070469
1236943717178761217
1236943878189658112
1236945848417878016
1236952384858918917
1236956857387843589
1236957162502533121
1236958417048068101
1236958929156026369
1236962927351136257
1236966235595735040
1236970255802646529
1236972515542654976
1236976655580770304
1236980595613409281
1236984383757864961
1236988388659642368
1236990063503970306
1236992647430053895
1236997045988339715
1237000185135468547
1237000191527587840
1237000776129679361
1237004650215288834
1237008579028291584
1237009934530854912
1237015362849386496
1237020009265840128
1237023930231197699
1237028580439265284
1237032491346731008
1237036803938541571
1237040631962374145
1237045501888995329
1237049889173000194
1237053708598423553
1237058525165223939
1237062410835542016
1237066760739868673
1237071010568056835
1237074842823901184
1237078838838005761
1237082817215029248
1237087598910345218
1237092753110192132
1237096739347333126
1237100791732764672
1237105739065327621
1237110511772274689
1237114377335169026
1237118209221890049
1237121036203810818
1237123126342889475
1237127975558172673
1237132751901536262
1237137729072386051
1237143003594096642
1237148016441806848
1237151878426869760
1237156952767180801
1237161840855191555
1237166818722304001
1237171449561055234
1237176198754635776
1237180171771396098
1237185111478751234
1237189791126519812
1237194583743791106
1237198589778104322
1237203207715258368
1237208133312839680
1237212891478179840
1237217687006334977
1237221810934099974
1237226518067150848
1237230898451558401
1237235199064367105
1237239141647220736
1237243488363778048
1237248159207874561
1237253063888506881
1237256919741538304
1237261607513751552
1237265993149407233
1237270778736971776
1237274639287664641
1237279557927002114
1237287126515036160
1237291544929013760
1237295836612177920
1237300565392142339
1237302699349045248
1237304492497997829
1237309301745758210
1237313779664289797
1237318724744548352
1237323390953848834
1237328146174705666
1237332983553589248
1237337856965775362
1237342505609449473
1237343619289317377
1237348445473701888
1237352550778765314
1237356717631066112
1237361409320779781
1237361576199499779
1237366130106339330
1237370782461952001
1237374617838379009
1237378590125236225
1237382714682195969
1237384653620809729
1237389277635346438
1237391447097085956
1237393942301171712
1237395874377945088
1237400356906307586
1237405020146012160
1237409797923909636
1237413933444665345
1237418273282699266
1237422422795657216
1237426754270232577
1237434611917037569
1237439054582550529
1237443730682019840
1237446139034689536
1237450859136589826
1237453351450787840
1237455189575155715
1237461482218102784
1237466660849750016
1237471858385129474
1237476382336331777
1237480968778330112
1237485577882218501
1237490325687500800
1237495104929218562
1237500031680368642
1237506781531664384
1237511351834042369
1237516499650150400
1237521570777534469
1237526061740470272
1237531219543199744
1237535297480482817
1237540197266362368
1237544358775148544
1237549393034633217
1237553690602426369
1237558823591612419
1237562885401751554
1237568142311735297
1237572186396753920
1237577166449070085
1237581492630335488
1237586500893589504
1237590288463351808
1237594564312961025
1237598490676453377
1237602723215761408
1237606566737543168
1237610986707673088
1237615065404026881
1237619565900824576
1237623672829104131
1237628147547475968
1237632071553744897
1237636312779362304
1237640414133436418
1237644915259170816
1237648985608859648
1237653482959785985
1237656192081702912
1237660672256868353
1237664503325753348
1237668793050107904
1237672660945043457
1237676871917211648
1237680786289106944
1237685572157739008
1237689760333869056
1237694809558654976
1237696545216237568
1237700677205405698
1237704498954539009
1237708372184612864
1237709023425843201
1237713023776718848
1237717148006522881
1237722095330701313
1237725993034485765
1237730925070483456
1237732059248054272
1237736002510348292
1237741101353664518
1237744366644535297
1237748703567532033
1237748738678042625
1237756441852813314
1237760941401530369
1237765526354628610
1237767030205546497
1237771403501469696
1237775334805733378
1237777825446461440
1237778188908060673
1237784357655412746
1237785912802713603
1237789022732398593
1237793142591668224
1237797458794733568
1237799320604356608
1237804422186569734
1237807019098288128
1237807775998251010
1237812523073703940
1237816912643530753
1237820718622093312
1237823135652745216
1237828170532954115
1237832421883744257
1237836970107129856
1237837962395766784
1237840052366872578
1237842492692676609
1237842725984067585
1237846969348841481
1237849557104357376
1237852558208544772
1237853325925605376
1237859866485477380
1237861623773052930
1237863640939683841
1237868820913684480
1237869175520948226
1237873968322711554
1237879137928282117
1237879496679686144
1237880256117084163
1237885139222286339
1237890247330902017
1237894821789888512
1237897869731880962
1237903240227885057
1237906173917102085
1237911017981706240
1237913714394890241
1237918441710981120
1237922596131348481
1237927180274892800
1237931704423194624
1237933085670457344
1237938202629025794
1237943184384233472
1237947444274638849
1237951574930055169
1237955865166123010
1237960105410400256
1237963907257585664
1237967727450632193
1237981045468934144
1237985227341017088
1237989353915375617
1237993474462547968
1237996911002558465
1237998394339209216
1238004505830096897
1238008667636748289
1238032710930743297
1238036023973761024
1238040057552031744
1238044059287126016
1238062252906995714
1238066260119822336
1238071512076357633
1238073518916591616
1238087513467748352
1238090121465004035
1238094121467772928
1238096645604204545
1238105487918456833
1238110350698065920
1238114518007459841
1238122601379237889
1238127174202335234
1238134161459875848
1238138566485704710
1238140351229149185
1238148020027437057
1238152284682498048
1238156458468016128
1238160349225984001
1238164131234136064
1238168937164156930
1238173751163990016
1238176525658329089
1238178406874914820
1238183342115258369
1238185509027012608
1238190418984087552
1238190996447469568
1238194654568472576
1238196826572021767
1238201521440985093
1238208180968198144
1238208184558456832
1238209431898374154
1238209667798573056
1238213818347671552
1238224001467588615
1238229315566948354
1238233635934871553
1238237853013983237
1238238659436036098
1238242628048752640
1238244651896909824
1238245651969867784
1238249433080516616
1238252948980891648
1238256897406443521
1238261776535433216
1238265802119405569
1238269727996338178
1238273788351053825
1238278822342078464
1238282918759407616
1238287187361366022
1238291355077574656
1238296115717574656
1238300161174093825
1238304271021608960
1238308455909376007
1238313371570769925
1238317190140571648
1238321076402298880
1238325072798105600
1238329093864775682
1238329529111846913
1238333598790549504
1238337703340584961
1238341799464308738
1238346368286167042
1238350500094935040
1238354598466916352
1238356026816188416
1238360195031580672
1238364524916375553
1238367287155003392
1238368718956171265
1238372612574720000
1238376394582708224
1238380965807915010
1238385128805675008
1238389180700545024
1238393015485575169
1238397323715248128
1238401123762962434
1238404908178694144
1238408905560150016
1238413412746637312
1238417437315477504
1238418902868254720
1238422790090391552
1238426903540895744
1238430920593608705
1238435135885905926
1238435651772731393
1238439528232255488
1238442672462934018
1238443262324740097
1238450092908183553
1238453932135002112
1238457952094339072
1238460406294818818
1238463294798692352
1238467430344769537
1238468875811008517
1238473175203229699
1238474153625292800
1238475169041178625
1238480094802427905
1238487588849299459
1238487590921216001
1238487592859033600
1238487595560177665
1238487598055784448
1238487599691509760
1238487601377677312
1238487603046825984
1238487604766613506
1238487606905786370
1238487609434832899
1238487611552993280
1238487613641764865
1238487615319441408
1238487617521496069
1238487619182432264
1238487620759552000
1238487623079006208
1238488511042523136
1238492880865562626
1238493611664330755
1238497840172863490
1238498478931816449
1238503179211415552
1238507443908460544
1238511252860780550
1238514241944027137
1238516464522596354
1238518735255846913
1238523229985288193
1238523482989887488
1238526247770173440
1238530459153444865
1238532035834253320
1238536170419650560
1238537065337368578
1238538337155264518
1238539604690599939
1238540097206865921
1238540400509550593
1238540400886980609
1238540401058947072
1238540402078167040
1238540850411515905
1238542372193140740
1238544888175767555
1238546647975673856
1238548229924544512
1238554195021770754
1238555479942606849
1238557209203814400
1238558478286966785
1238558737360658434
1238559474790662146
1238566038599544834
1238570576031240197
1238570581219557376
1238572555792941056
1238574081982836739
1238578109785542658
1238581109765672960
1238585643263025153
1238589688786583557
1238592436215087104
1238593217085530112
1238594706759614464
1238597721063383043
1238599477730193409
1238600000025870339
1238600745886326786
1238601244392017920
1238601513049755648
1238605796725993473
1238606278357921796
1238607040085397504
1238607288895770625
1238608303002959872
1238608304651284480
1238609310193778694
1238610303082004480
1238611315561771008
1238615846387421185
1238619106493988865
1238620116369186818
1238624959091617799
1238628938387243009
1238628938521378827
1238629174069334022
1238630961522315265
1238632208484765704
1238634965589467136
1238635742995386369
1238638250014752768
1238646055241240576
1238646293586731014
1238649065560256514
1238649809327849472
1238654608597299200
1238661592499335169
1238665990612881408
1238671281664516096
1238675663353241601
1238679901303189504
1238683762197770240
1238683887007674376
1238688083773620225
1238691949659521024
1238696144852717568
1238700341203480576
1238705061766856704
1238708898305118213
1238713149789962241
1238717365124321283
1238721656069251074
1238725826914521090
1238729825315143680
1238733821589237760
1238736650689228801
1238740488812929025
1238744452728053761
1238748323647049729
1238752245837115392
1238756185182003200
1238760244001550336
1238764354033659904
1238765571514253312
1238769987483033600
1238774424373022721
1238778428247203840
1238781970001297408
1238785952824336384
1238789636417257474
1238790380658794501
1238794326546710529
1238797044447412226
1238801573226188803
1238802314271604736
1238806602939015168
1238810511527067653
1238812165571829760
1238812166897229825
1238814663061778433
1238817683539460098
1238817946597613568
1238819694146093057
1238819694615953410
1238820701873885185
1238821699472297984
1238822700891717632
1238823726407454722
1238826742623678464
1238827502602260480
1238827504217083905
1238827741996355584
1238827984011833344
1238828504361418752
1238829504686104577
1238829771817172994
1238830256980660224
1238835044686483457
1238838050291167233
1238838815516766211
1238840821757157383
1238842338002288643
1238842341827502080
1238844105880453127
1238844353210208257
1238844606441275397
1238845355145428994
1238846620101419009
1238855677835128833
1238856191180247040
1238857461307752451
1238857461425213440
1238857463430025219
1238860705383829504
1238860958988197888
1238862483131072513
1238864748780847104
1238872555794071556
1238872555827625986
1238873297447800833
1238884117313249280
1238887655359885320
1238888056150806528
1238891421446348800
1238902742279688194
1238902999545716744
1238904743222747136
1238913563982540801
1238916570254127106
1238917574894682116
1238917842789171203
1238917843980365829
1238917846580826114
1238918592105787394
1238922607744950287
1238924380249427970
1238926141563510785
1238930680811343877
1238931935302467590
1238932953566191617
1238933445193187328
1238937461956448258
1238941491692818435
1238943263123542021
1238948286666604545
1238964154360369152
1238967399900160002
1238967915455668225
1238968663832702980
1238972690188419073
1238975966095032321
1238980844955537408
1238985038198460416
1238989010686656512
1238992867298770946
1238997517616009217
1239001813807968256
1239006118023770115
1239010456553037826
1239015278173880325
1239019527624691713
1239023334228209665
1239027705733136385
1239032677388468224
1239036927665410049
1239040899671363586
1239044697991020545
1239048937975185408
1239053096166227968
1239057224451985408
1239061017570787333
1239065491278368770
1239069615143215104
1239073660800909312
1239077757650427904
1239082229294338055
1239084073827647488
1239086269268975617
1239090140649316352
1239094087631978496
1239098558227394561
1239102608180158464
1239106582165716998
1239110627408429056
1239114901563588608
1239118733190270976
1239122554402615296
1239126381667246080
1239130675413999616
1239134914836082688
1239138711826305024
1239142519541313537
1239147111079346177
1239151036369186817
1239154945078804480
1239158832733065217
1239163121081757696
1239170752387190784
1239171005035184129
1239172802227429377
1239174565777084416
1239174566636916736
1239174650803912709
1239176781371932673
1239178052984344579
1239183329477439489
1239189627187101698
1239190126355525632
1239194429963067392
1239196418872676352
1239199181564268546
1239204465992966144
1239204720964784131
1239204722931834881
1239208005847126018
1239210016688746496
1239218567566036993
1239219839790731265
1239219840042373120
1239219843859169283
1239223599166377984
1239227363118002178
1239229390967451654
1239230907200024580
1239231137727369219
1239231906404864001
1239232168699867144
1239237942742220800
1239238198275997703
1239247165316268032
1239251348845101057
1239256829571579904
1239257322687475712
1239261614051909633
1239263872449642497
1239265137619582976
1239265883933073410
1239266627985846274
1239270989046910979
1239275694456279041
1239276700799832064
1239278718222245888
1239280226972155907
1239280227555180547
1239280228423344129
1239283493252759554
1239285750581145608
1239286524304412678
1239286526049206273
1239287525920903174
1239289017180577793
1239292309239484418
1239295336524296192
1239295397132210176
1239295833054601220
1239298086528266243
1239298599059685376
1239299347399016448
1239299860710469634
1239314221290213376
1239316216495443968
1239325524922638338
1239325524968833024
1239325526906540040
1239326016713240578
1239326022174224384
1239327031873150978
1239329035819323392
1239336089254612992
1239340366022803458
1239340628837904384
1239345561607831560
1239349782017163269
1239353842103443457
1239357862096375815
1239362389260357632
1239366296103518210
1239370386669789184
1239374664885047299
1239379304007512064
1239383325308903425
1239387312150249473
1239391230930403328
1239395817221480448
1239400006647414786
1239404029509283841
1239407848918077441
1239411978311012352
1239415767831130112
1239419767150333952
1239423842516418560
1239431244515102720
1239434490151387137
1239438710195838976
1239442508041596933
1239446347343953920
1239450198671339520
1239452618889576448
1239453882377482241
1239458016078041088
1239462073744142336
1239463179111092224
1239467077120987138
1239470871217045504
1239475237860892672
1239476257554935809
1239476505148784641
1239480558658506753
1239484559080787968
1239485074753687552
1239489183636430848
1239492550496604166
1239493625286983683
1239495723655352320
1239498660028833797
1239499169422815232
1239505471515525120
1239506735490007040
1239510649664942080
1239514755158728704
1239518539221999616
1239520386292895744
1239523076922052611
1239527420493008897
1239529376271732738
1239533168748834816
1239536926039957505
1239542186812686336
1239543210898309122
1239544594884448256
1239545718823665666
1239546675733151745
1239547732899049473
1239548242716745728
1239548503883423744
1239552016315289601
1239553521734819841
1239554785021513729
1239557309954744320
1239558053986537472
1239558551456165890
1239562721055641601
1239567115511791618
1239567117290217474
1239573159818510339
1239577010105724932
1239581607218085889
1239585563063332866
1239586003406467075
1239590089099030531
1239590780014145539
1239591259213312000
1239597324554375169
1239597453143310342
1239602369509416962
1239607376937877504
1239611214650621953
1239612403706363905
1239612404046184448
1239617487634870283
1239620206324002816
1239625138812997633
1239627523186741248
1239627523903946753
1239630777920389124
1239631318805331968
1239634819849629696
1239642626351120384
1239643364385067011
1239647892664717314
1239650177205575680
1239656196178685958
1239657730165616641
1239657731906252800
1239657733651156992
1239660479775215619
1239666761789837312
1239670555491667971
1239671304795705351
1239672302960357381
1239672801163960325
1239672801310752768
1239685651873882115
1239685653429960705
1239685908959551495
1239685910465257472
1239689664312881158
1239702751262769153
1239702757378002945
1239707955655778306
1239712097744965632
1239715969657946113
1239720479214186497
1239725327871598593
1239729244638412800
1239733119827263488
1239733227239149570
1239737046266150913
1239741902414643206
1239745967320109063
1239750071589142528
1239754001580769281
1239759032208035841
1239763217880092672
1239767119019085825
1239770930756403201
1239775107985309696
1239778890492633088
1239782871302320129
1239787017778728961
1239791524277293062
1239795656673374208
1239799445916717056
1239803237894627328
1239808747213635584
1239812955694338048
1239816961816760320
1239821117700931584
1239824915236376577
1239829359470526465
1239833368189112321
1239837362542305280
1239841817861947392
1239846213446447104
1239850245497987072
1239855081182433280
1239856872527708163
1239862067944964099
1239866100898312197
1239870124091420672
1239874225017696257
1239876236974919681
1239881039431991298
1239885146788110341
1239889291481931776
1239892217508040704
1239896642062598149
1239899496831729665
1239900733333540864
1239904743113273345
1239908873911271428
1239913363666280448
1239917611149856774
1239922091593543682
1239926719529787393
1239931440697049089
1239935709701713923
1239938490776850434
1239943431671218184
1239947930657849345
1239952278817210370
1239956761953677312
1239961479945678848
1239966392071249921
1239970633611542528
1239974531680198661
1239979239434268682
1239983939718184967
1239988635392520192
1239990294688522246
1239996064318570502
1239997718011002885
1240002073153978369
1240006132749545472
1240011149078298625
1240016005994332161
1240021864564633602
1240022105598681094
1240027375771029510
1240031942390755332
1240037003728769026
1240041280027136001
1240046273933332481
1240048706210144261
1240054044900626434
1240059383670767622
1240064637602877441
1240069524503830530
1240073726173028354
1240076877399830530
1240081704171298823
1240086921088466944
1240091343227162625
1240096452623380480
1240100965405069312
1240106374966710272
1240110634227900417
1240115847831699462
1240120086238724096
1240124672194347009
1240128796663197697
1240133069639737350
1240140982127124480
1240156338338045952
1240160184057630720
1240164088044490752
1240168291290750977
1240171076723900416
1240172473427075073
1240176555848073218
1240180627397382144
1240186229964115968
1240190353887629313
1240194469762392070
1240199306973458432
1240203096954994689
1240216488302317568
1240220436580966400
1240224635461009408
1240228822991147008
1240232694589657089
1240237313269129219
1240241847240359938
1240242235964342272
1240246089732820992
1240249885804433409
1240254526998937602
1240259247251881985
1240262020462776320
1240263169383202818
1240266991220465664
1240271242546028544
1240274972817469442
1240277034040995841
1240281163756961795
1240285245569667077
1240289508580560897
1240292053801668609
1240293940357664769
1240298269382791168
1240299728778166273
1240304208076771329
1240309112283582465
1240315566486892550
1240319027886665729
1240323039704875009
1240328055874355207
1240332108725473280
1240336136842731522
1240340764942622720
1240344783308103680
1240348725312192517
1240353681746186241
1240358649941372935
1240362819482198017
1240367675802562560
1240372318494437377
1240377505812529154
1240379702868676609
1240382758301700097
1240384487055392774
1240388789480144896
1240394042585812994
1240398546949545985
1240402628611313667
1240403620249702401
1240407611272544259
1240407645141565440
1240409404853321728
1240411167924854785
1240412707117060098
1240417801845837824
1240423070529138692
1240428570050256897
1240433938629308416
1240439190942343168
1240444454043029512
1240449552706146309
1240454655097921537
1240459915229040641
1240465115062972416
1240477264657166336
1240482496686493697
1240508923049893893
1240512931470737413
1240517704240545792
1240522536057798657
1240528559837495297
1240533352807116801
1240533611054600194
1240538024670355456
1240542837638397952
1240546675187425281
1240551314867785728
1240556004921704449
1240560658535657475
1240565337051013122
1240565345884274688
1240570392453971968
1240582628601999361
1240586701803794432
1240590818089603072
1240592944798871552
1240596955954384898
1240601828615733248
1240606497165512705
1240610571650838533
1240611918550876165
1240615909586341889
1240619862432628736
1240623873302892551
1240624164073091072
1240627261155532800
1240631273552580609
1240635354136313860
1240639652400332800
1240644234694311937
1240648128816177154
1240652193948106752
1240656404589039617
1240660279769399296
1240664380775202816
1240668543710040067
1240671023638482947
1240675913525846023
1240680027798351873
1240684789079969793
1240685832526131201
1240689700219707392
1240689756721147906
1240689777742999553
1240690491840069633
1240693942925983745
1240697745532260354
1240701725629014016
1240702857256382465
1240706701176651778
1240708779789955079
1240709894434467841
1240712722641272832
1240714696602214401
1240714698279907328
1240718455797506049
1240723341004156928
1240727503293087745
1240727505016958979
1240728261677776897
1240730274318757889
1240734060856647680
1240738672770789378
1240742855754289152
1240744888129511430
1240745045793419264
1240749254022397952
1240749661159391237
1240753946525827072
1240755953206771712
1240760343284121606
1240764550779228167
1240766271031062535
1240770773872246789
1240775329049960449
1240779903991263233
1240784650181718016
1240790041351401477
1240794592473202689
1240798943346393088
1240803969607380992
1240809033138868228
1240813163320401921
1240817216389632000
1240822336774864898
1240827180147490817
1240831069831794688
1240835085651324928
1240840164378923015
1240845352816857088
1240849932367605763
1240865902066831360
1240873261430444033
1240880812482015233
1240885525545959429
1240890416985264133
1240895262966644736
1240896389204361216
1240899252999598080
1240903976679342080
1240911051010592768
1240932516732776449
1240937139036213248
1240941678720094208
1240946011008315392
1240949449607831552
1240954026784587776
1240958917271621632
1240963465906356228
1240967324515041281
1240967579054866432
1240971590202019842
1240971632761606146
1240975755699466241
1240979441465122816
1240984134723547137
1240988352230445059
1240994773885956096
1240998053458436096
1240999549017210881
1240999812885086214
1241001569933504513
1241001570688475138
1241005438050742272
1241007413291036675
1241013906878988291
1241014650612957187
1241017427145654277
1241022159721562112
1241025953335250947
1241029746173054977
1241034471350157313
1241041319599972353
1241044089421905920
1241046903409778690
1241050135347544064
1241050635702861825
1241054410710679552
1241058948473643009
1241061466494709762
1241061960227213314
1241062908316061705
1241063736418414593
1241067508980908032
1241067510750949378
1241068251204943878
1241069019094044672
1241071515279527936
1241075286868926469
1241077115971350530
1241082850201481219
1241084367541284866
1241084621380554752
1241085389403799553
1241088882512453633
1241090390213738501
1241090503845740547
1241092154719645697
1241092161938116608
1241092166849568771
1241092169177464832
1241092171295526913
1241094184506994688
1241094940366712833
1241096453877104642
1241099475726278659
1241099968422785024
1241101717317566465
1241105502089732099
1241106510496833536
1241107266566344705
1241113289104465921
1241116068334178304
1241116833891135490
1241120853376589830
1241121866699415552
1241122375015575552
1241122375170756610
1241122376965918727
1241122378924556288
1241123872084238337
1241124378642976770
1241127910980890627
1241130431053004801
1241131683518308352
1241134188360806401
1241137466624618498
1241137468755390464
1241137468759564288
1241137472337256449
1241137473046134786
1241138230830997504
1241139228731420672
1241139986772221952
1241142750436896773
1241142988341948428
1241147020041207819
1241148779895689217
1241152314091737088
1241152315618402304
1241152573819813888
1241152578102145028
1241157733115707392
1241159348598046720
1241163823878414338
1241166141952843776
1241169964259827715
1241173945757417472
1241177742294552576
1241182452435083264
1241182789778771975
1241186591571312647
1241190759505768450
1241194794766000128
1241199884314779649
1241204154200199169
1241208439587602433
1241212644704518150
1241217163744198656
1241221056138022916
1241224950465409025
1241228961729871872
1241233294055870464
1241237531712204800
1241241435162238977
1241245359105589249
1241249736461553665
1241253664255246336
1241257567088771074
1241261373767725056
1241265613131128833
1241269424495177728
1241273370701946887
1241277397611229185
1241281846438170630
1241285738605563905
1241286939564806145
1241291182887636992
1241294238861725697
1241295511090577411
1241298014628646912
1241298522114326528
1241303844744814592
1241305688560803840
1241308231391207424
1241308600234106880
1241312874896789504
1241314627276898304
1241321177882263552
1241321408019476480
1241322684832718848
1241327206435033089
1241331209109680130
1241332504101105665
1241333779102420992
1241336281688391687
1241337280276594688
1241341326546874369
1241341468528214019
1241345940201582592
1241350620424134656
1241352123738214401
1241355133696512002
1241358162097246208
1241358164550987778
1241360437649846273
1241362446633390081
1241363965080416257
1241363967089553410
1241363967093755905
1241364949953318912
1241367982967840769
1241371519982452742
1241376537699586048
1241377025274888193
1241380826362736645
1241384854777970688
1241385086844645377
1241388615760044033
1241389622514659334
1241392135125024768
1241392888145199104
1241394150420946945
1241394152358764544
1241394153956749312
1241394154392809473
1241395917296734216
1241396908486209540
1241403724930703361
1241403727506026496
1241409258169798658
1241409260338270209
1241409268651372546
1241411767185690626
1241416483948896258
1241420326476681217
1241423083669512193
1241426872619208705
1241427627870695426
1241431652754128906
1241439466218233863
1241439702793814017
1241443489751203841
1241445237148581888
1241445489607933952
1241445752263581697
1241451035245400069
1241453280762515456
1241454292671836165
1241454542954344449
1241456819123425284
1241458070921908224
1241459832940646405
1241462601005105152
1241467646572453895
1241469394221441028
1241469655107207174
1241473931829284865
1241476958317404161
1241477965793447936
1241484757403402241
1241488792936120320
1241491036905537536
1241491036914028549
1241493555924869127
1241499877793763329
1241501861284282373
1241503619431751685
1241504125063442433
1241509408351420416
1241510405756858370
1241513683861360641
1241513939890057217
1241514686891397121
1241519658450268161
1241523642183356416
1241527451169284106
1241531748644728835
1241536886176460800
1241541071374516231
1241545206912241665
1241549152343019523
1241553638138564608
1241557477742850048
1241561408879366150
1241565445997690882
1241570189201870850
1241574207080656896
1241578185449406464
1241582098936463360
1241586423096127488
1241590289040580608
1241594481520128001
1241598357648420864
1241602648933109765
1241609053727531014
1241613214103883778
1241617812503871489
1241624926051803136
1241628772195020800
1241633214986412032
1241635746366226432
1241635751026216961
1241639791340466176
1241643985120235520
1241648354616135681
1241652375074586626
1241656160601681920
1241660354985369601
1241665936601513985
1241667711870042113
1241672116648411136
1241675935407132673
1241676520420188161
1241683801547341830
1241688407014858753
1241692275706605568
1241698663027683328
1241702695938990082
1241703698516054019
1241708316616728581
1241709482629115908
1241711263933136896
1241713258752552960
1241714505014546434
1241718433928089601
1241724072150675462
1241726351113097217
1241726352832765957
1241726587109851138
1241728102717435905
1241728597620068352
1241728597959770113
1241729366306029571
1241738166949818368
1241738170296827908
1241741196201951232
1241741444701962240
1241743219186192384
1241747484063535104
1241751007996116997
1241754948569829376
1241756558826057730
1241756560075841536
1241756560730345474
1241759318736883712
1241759567853301762
1241763845909209088
1241768367842869253
1241769630542237697
1241771632852639745
1241772145761542155
1241774154304675845
1241778172875681793
1241780154000605186
1241790004868845569
1241790254912139264
1241791269896171520
1241792527511875585
1241794788141260804
1241797063186305024
1241800070300925955
1241800582459019265
1241802092366434304
1241807035664076801
1241807634564632578
1241811476618383362
1241815796390731786
1241816946011668480
1241816948108931073
1241816948121440257
1241816949790846978
1241819207362400257
1241819698125250561
1241822714773549064
1241831034347573248
1241834564286324737
1241835305600253952
1241835564501995520
1241837321739264000
1241839603801362433
1241847158694871045
1241847160565620736
1241847162222399494
1241851674219732993
1241862242657845250
1241862244302032901
1241862244562018305
1241864509029068800
1241864764831260674
1241872802820603912
1241877092385554434
1241881785694330880
1241885570961375237
1241889399467622402
1241893743978037249
1241898626424737799
1241902428351594496
1241906793661566976
1241911010509938688
1241915847016435712
1241920093212291074
1241924324132556801
1241928580436766722
1241933524967571456
1241937794991300608
1241941583286722560
1241945614960791552
1241949760325660678
1241953686538129408
1241957682304737280
1241961534777176064
1241965732130426880
1241969572141576192
1241973400521883649
1241977203346280448
1241981560162783233
1241985633863729152
1241989610617606144
1241993655889641472
1241997811761250304
1242001628863115265
1242005438171930624
1242008211093364738
1242012155320446977
1242013228907069440
1242017246165315584
1242019523043250176
1242023399641227264
1242027305972772864
1242028837753491461
1242032860783149063
1242036772701339656
1242040563181989889
1242043240741822466
1242047234142855174
1242049727023153153
1242053761473875968
1242057734671028227
1242058525976793094
1242062812060540928
1242066799568523264
1242071345870958593
1242073623751426058
1242077918144184333
1242080431538876417
1242084703953399811
1242088286446813184
1242091489611730950
1242091751566979072
1242093756985335808
1242093766598701057
1242096428471681024
1242097646254411777
1242102105810317313
1242106365792923648
1242110419734597635
1242114431498293251
1242118470457872386
1242124971779985415
1242128727183708163
1242133398753337345
1242137636149624850
1242141450177064967
1242145558049030147
1242147006216392704
1242149138311061510
1242150898270420992
1242159129474543618
1242163918186872833
1242167786664865799
1242174299097759746
1242179305888677893
1242185368151240704
1242189651873542151
1242193485106683909
1242194944770654208
1242198653709795330
1242203237798817794
1242207311093018624
1242211318385565697
1242215556159287302
1242219943103528962
1242224957985357832
1242229673620385794
1242232482667298830
1242234555299495937
1242238620582457351
1242243633123856386
1242248606738010117
1242253497153748996
1242257901038833664
1242261983560372230
1242266665682944001
1242271723124330496
1242276880876699653
1242277550933659651
1242281903216099329
1242286936229888001
1242292033399795713
1242296156643897345
1242300731882962944
1242305209453379585
1242309376389545986
1242313266761736192
1242317687096819713
1242321857942097921
1242326364109373446
1242330152534671361
1242334319382802432
1242338826133086208
1242343306627100677
1242347404541792258
1242351790642925568
1242356158381395969
1242360921965629441
1242365658811301888
1242370504352292865
1242375055511883778
1242379710023307265
1242384336273510400
1242393667303813125
1242398307072303104
1242403017950924802
1242405458926854144
1242410321081438209
1242414904453234688
1242419498747035649
1242424260121038850
1242428185440026627
1242431757628182530
1242436169687879680
1242436407651696643
1242440516614197249
1242445111822254080
1242449738580013056
1242451692089737219
1242454259104468999
1242458456738717697
1242462244912365571
1242466541775405057
1242466915030667264
1242471110664507392
1242472507686428677
1242474932015116290
1242481815564271619
1242486199673126913
1242486850113200128
1242491070115692547
1242496505954607105
1242498184783503360
1242502651335540736
1242506997460803584
1242511681055571970
1242516393226055681
1242521008134897671
1242525170159570945
1242529916203274240
1242534025673269248
1242537887117254656
1242542403178954757
1242546879130472454
1242550975019220993
1242558569087721477
1242560248818384896
1242564108517588992
1242565126294769667
1242569798699159557
1242577948022059008
1242578961961533440
1242583814917980161
1242587898291130369
1242592334476345352
1242596728513204225
1242602109461303298
1242606438398205953
1242610758996963336
1242615681851568130
1242623648579682304
1242627702760357888
1242637228989431815
1242642054045450240
1242651583835406337
1242656061829648384
1242661237898579968
1242665167818838016
1242669550983876613
1242674412110983168
1242679185237213186
1242685252709027840
1242690046509096960
1242700093146501122
1242704110769537025
1242707887459307520
1242708093424865280
1242711914356113409
1242716129916858369
1242719996289191937
1242723927614513152
1242727866850316290
1242732592190930944
1242745630822404098
1242750326870020096
1242754489817448450
1242758402037690370
1242762453567639552
1242764710107385866
1242768588165038080
1242770541246853122
1242774506374127616
1242778692893528070
1242783406234222592
1242787722940624898
1242791629104316419
1242796554861322242
1242800944850624512
1242804853275013121
1242810248026558465
1242814875291746308
1242819785207021573
1242819831033991169
1242821801585016834
1242825826611191811
1242829644597833729
1242835160032305161
1242835898963804162
1242840337116213248
1242845328480632834
1242849131527364613
1242850504264364036
1242855543301169155
1242861319633731585
1242866113161109513
1242866616209158144
1242871322469949442
1242876348361854979
1242881212412280832
1242885085625540610
1242889036550848512
1242896585224327168
1242897321899315202
1242897322222198792
1242897930484363265
1242903599140700160
1242904613432459264
1242906112157982720
1242911154453741568
1242911401062080518
1242911402991517698
1242911644369522692
1242913157418373120
1242915928540618752
1242916183474614273
1242918440135995393
1242919283325374470
1242920724693684225
1242923021477842944
1242925483207073793
1242925743631413260
1242926752139300866
1242926752248315905
1242927017756065792
1242927018414661634
1242927269066297345
1242927758088572935
1242931540495159296
1242931543301029895
1242936668824522754
1242941349890007040
1242941590081077249
1242943349289619457
1242943865897844736
1242947383144722435
1242952563701493762
1242955188849143808
1242956698194714625
1242957200986947585
1242963237639016453
1242964254992543750
1242969071534161922
1242969779138330626
1242971548740288514
1242975519727063042
1242979336061321221
1242984296916410371
1242988870465175552
1242992652766846976
1242996545299021824
1243001376071979008
1243005871065530369
1243010480530247681
1243014333757562880
1243019296311316483
1243023965259522049
1243028107449249793
1243032974280491009
1243037516845981696
1243042098464653313
1243048034600210433
1243051956878348290
1243056205477617665
1243060365698764802
1243064534056816641
1243068640100057090
1243070589771841536
1243073126877089796
1243077506678370304
1243081479053344768
1243085490464702464
1243089946254159875
1243094010606039041
1243098122902999046
1243102262421008384
1243106819846873090
1243110636957073408
1243114449160077314
1243118383723433984
1243122883624402944
1243126917559132160
1243130815388815362
1243134860178399232
1243138976602619906
1243141944089497605
1243146238587023365
1243153736643600384
1243157846595862529
1243161258305740801
1243161714864111619
1243168857327644673
1243170107972517889
1243177446645604355
1243182434079985665
1243184468489375746
1243184881670197249
1243189543731421188
1243197270541172737
1243197530244087809
1243201911588864000
1243210120609304577
1243212633500782599
1243212635493019649
1243213689693618178
1243214158939774976
1243216335745810433
1243218166173614085
1243220423543848961
1243220423594123271
1243220686891618306
1243220953154359297
1243221691842662400
1243223208993722369
1243223208997916672
1243223462027636739
1243225467471216641
1243227992375123970
1243228285678600198
1243229747871653891
1243229753378816002
1243230518319230983
1243236442693910528
1243236802993012736
1243241476634693640
1243243607231995911
1243243607840169984
1243244346268401664
1243245036877369344
1243251375590473729
1243255158533959682
1243259198277910531
1243262715935817728
1243263462450630656
1243263715245522947
1243263716709339136
1243265725122428928
1243266238006034436
1243270562635550722
1243270825668722690
1243271332529397764
1243275167008202764
1243280182300921856
1243280550388994054
1243281087033376776
1243282089845370881
1243282089925115906
1243282175241465858
1243285863964053507
1243285868980338695
1243286632326934528
1243288635534950402
1243288885708414976
1243289633586380802
1243290147543810051
1243293653038247936
1243296742818418689
1243300477015674888
1243302713573756930
1243309027238576130
1243317076124712968
1243318084020121603
1243319589934632960
1243321096377634817
1243325870955266049
1243326622448734210
1243326622817816595
1243326624193527808
1243327385153527810
1243332355546324993
1243336438315442177
1243340582245863430
1243344258591010817
1243349152559501314
1243353570772205569
1243358065853784064
1243362329284071424
1243367549384790017
1243371913797386247
1243376201131008000
1243380615786840065
1243385718749052930
1243389747172540418
1243394565018537984
1243399273787453440
1243411198357336064
1243417777513197569
1243422337115893762
1243426931330039809
1243431789022117888
1243432672304738304
1243435706934079489
1243439666235346944
1243444073836556288
1243448863534518272
1243453583280017408
1243457529696473088
1243462351707308034
1243466965722845184
1243472243356839937
1243477037165223936
1243481622160330752
1243486232996450304
1243490989815324673
1243495852146135041
1243499641385160712
1243503430095835137
1243503769867911175
1243508069570674688
1243512653613580293
1243517326349262849
1243519152058441732
1243523331028115456
1243524122078064640
1243526986364080135
1243530978167062529
1243534528351809538
1243535522213093376
1243537030807785479
1243544325046390785
1243545082038550528
1243545829513854987
1243550108538613761
1243552121322188801
1243553384273231876
1243553389272797185
1243553880186785796
1243554091558715392
1243556911267688448
1243558914848952320
1243560930866335746
1243565971064999938
1243568482400325635
1243570035039391744
1243571544170926088
1243573006674395137
1243575025233428480
1243575775397392386
1243576056805838848
1243580346433769473
1243583579801759748
1243583580196024320
1243584167029456897
1243589353634480128
1243590131753332737
1243594140232925191
1243595890843099137
1243597417175560193
1243598672090333187
1243598673944227841
1243598674216845313
1243603789350932482
1243606233732481024
1243610253171793922
1243613791830650880
1243613794628239362
1243613800894541834
1243614036681469953
1243617557069914113
1243619068890034181
1243620827041497089
1243621595194818560
1243623090405416962
1243627111027372033
1243628647107436545
1243628887994761216
1243628889693396992
1243629635864342537
1243632398836862977
1243632400795668481
1243634402036506624
1243635671501242368
1243635938133184512
1243636433308585985
1243636697373564928
1243638452278767616
1243639444692926464
1243642456320757761
1243643732425146369
1243644024034070532
1243644024415797249
1243644025997066241
1243644486061887488
1243651013837565952
1243651276489068549
1243656556085903363
1243657302261010432
1243658838391369728
1243659088787116034
1243659090154393602
1243659090787696644
1243660460836237314
1243662345525694466
1243673428948930561
1243673926431133696
1243674185211224065
1243674187006447622
1243674421837078531
1243679469342208000
1243681978404278274
1243682226979643393
1243683488768851968
1243689038948839426
1243694323054653441
1243695828335824897
1243700333903216641
1243704381243043840
1243709705517707264
1243711953530486786
1243716305712304129
1243716954122264581
1243721436935716864
1243726340613976065
1243730486935068672
1243734752026394624
1243738991096147968
1243744229198835714
1243748629862637574
1243752406250291206
1243756279186800641
1243760728961617920
1243764583707394048
1243768426381938688
1243772300073357312
1243780717286490115
1243784639426289665
1243788577495973888
1243792937693085696
1243795101257777152
1243797243393605633
1243801546300612609
1243805846322270208
1243810745634209792
1243814657623838720
1243818532938436610
1243822379438137345
1243824385284325376
1243830453343326209
1243832749129170946
1243832750509039616
1243833233080561664
1243833235207081984
1243835239815942144
1243840274939420672
1243844049825644545
1243847061738590213
1243847848497684482
1243852341691981824
1243855412723580928
1243855414405615616
1243855874118033408
1243855885157400577
1243856139269427200
1243868958861799431
1243869469069451264
1243869956435054592
1243872227487027205
1243876637894213632
1243879783995498502
1243883644630044673
1243886049887166464
1243887718406512641
1243889342982107136
1243890852348510212
1243892856487641088
1243897896505876480
1243900669062496256
1243900715434741761
1243905290845720578
1243906962200420352
1243908242755014657
1243915754787004416
1243915761971802112
1243915792816758785
1243917028827725827
1243923073591640067
1243923330635370499
1243924574699507712
1243928341310308352
1243930628992753664
1243930888498446337
1243930889995849730
1243930890377592833
1243936652927664128
1243944966818324480
1243945451017166848
1243945970813067264
1243946493763112960
1243946737850552324
1243948979911561218
1243949745330163712
1243952269869056000
1243952756119015424
1243961077995626498
1243964592168075266
1243967868477288448
1243968620260216832
1243972395171549186
1243972647198826497
1243975168831246336
1243976175921369089
1243976175946469376
1243976930824781824
1243981862181240833
1243983468633165826
1243983963544268800
1243988253633634305
1243990518171865089
1243991288636112896
1243991297502912512
1243991763263643648
1243992534591946754
1243995297187061762
1243999568330657792
1244005102995849216
1244005359557185537
1244009638347132930
1244020448117088257
1244021724078903296
1244021959681290242
1244036591863152645
1244036591959580672
1244036594908135425
1244036617511284739
1244042092684480518
1244051412729896964
1244051414290235392
1244051678032277504
1244056616254791682
1244060463501115395
1244064679930068993
1244066766478872576
1244070626857541632
1244075704507076608
1244079499383316481
1244083854857711620
1244088139129458694
1244093213964722176
1244097647721492480
1244100996353179654
1244105134063390721
1244111056332632064
1244111056521302016
1244112078916460544
1244116698690699264
1244120930697326593
1244124382903111680
1244126143009230849
1244127183100051457
1244129956210208769
1244134581219065856
1244142281382387714
1244143776907616262
1244147932506587136
1244149307575545856
1244153839827238917
1244157966598750208
1244162051305615361
1244166144841433095
1244170688950349825
1244172447261360129
1244172448809000963
1244176239881007110
1244180195420114945
1244182010656165888
1244184038660870145
1244187590934384640
1244187591387250689
1244187821042253826
1244192254006353923
1244195130497736707
1244202699207462913
1244202699371040770
1244205680770383874
1244208704033107969
1244210465191997441
1244211634329063431
1244217779080871939
1244221276820045824
1244226057672278018
1244226822453243904
1244226834734231552
1244232614514483200
1244232897239941122
1244233112613269506
1244233185505968130
1244238390003982336
1244240413365538816
1244242161564073989
1244245442394763266
1244246963354288131
1244247705096007680
1244247994750337024
1244248002329444353
1244248466857111553
1244255242595831808
1244255759782854657
1244256760526966785
1244260546788065280
1244263092151861248
1244263094009966597
1244263094639112194
1244264304737738752
1244267094113468416
1244269346077147136
1244272354957627396
1244275633892532229
1244278143063646210
1244282466216673282
1244287234947284993
1244290231312007168
1244293261625307136
1244293263273705472
1244293405955555334
1244293498410545153
1244294773466333186
1244298526655471618
1244300792678539265
1244302813716451329
1244306849664512001
1244306850323091456
1244307094884560897
1244308379843117060
1244312713951657986
1244314141705351169
1244317154436055042
1244317665411371008
1244321173451792389
1244322439124967429
1244326467229663233
1244328987234643970
1244330506721939456
1244331265169469443
1244335776625721347
1244337029716025344
1244338547815075843
1244338549794766849
1244338811649261568
1244339300411605001
1244344837295542274
1244353143451811840
1244353405247729665
1244360942894407683
1244362954268606467
1244368259228598278
1244368494331863041
1244368777845846017
1244369509227606022
1244370022295842816
1244374536067391488
1244374571811319808
1244377815128170496
1244378314682368000
1244380094715568128
1244383591594954755
1244383874798571526
1244383876748886016
1244383876757295106
1244389394099945474
1244395416306814978
1244398711171670018
1244403269402873857
1244407547517382659
1244411538636771329
1244414043944898569
1244414044590804998
1244414045727289345
1244417836916903946
1244422004796731395
1244426890460434433
1244429180856602625
1244433383008210945
1244438419398426629
1244442281672876032
1244446182019137536
1244450492710780928
1244455379506995200
1244459836445790208
1244463930015129602
1244468016982765574
1244472969918889988
1244477027245268992
1244481023385141249
1244485082515156993
1244489531577044992
1244493617944723456
1244498355260141569
1244502509890220034
1244504390578339841
1244504678165090304
1244504694468284416
1244508641933303810
1244512603696758785
1244516658259152898
1244520662544396289
1244524973819080704
1244527309668974592
1244533829198585856
1244534862167580672
1244535070989393921
1244535854477070337
1244539647281246208
1244542654391758848
1244542903692730368
1244543388478816256
1244547421335584768
1244550694050435072
1244554998223998976
1244557234195107841
1244557519676194816
1244561435147022336
1244563584799170560
1244564800136523777
1244565054789386240
1244568837514825728
1244573082020438016
1244577104995528705
1244580160944459776
1244580162668244993
1244582690076135424
1244585669185482754
1244588968567586817
1244590974992605186
1244592481544568832
1244593745963692032
1244594742823989248
1244595249844039681
1244595508833849350
1244595532443590656
1244596752352776193
1244600712069353472
1244602287240159232
1244607067085774848
1244608088646303746
1244610360105152512
1244610361233412098
1244614308002254851
1244618377907372033
1244620156409700357
1244625824097226754
1244629931746869249
1244634496064000001
1244638405574656002
1244639285980139525
1244643120211537920
1244646997346390016
1244651172440551429
1244654975940165636
1244655912444444676
1244658850176937984
1244661422140936192
1244662827547230209
1244667370490257413
1244671417570013187
1244676544271912964
1244680693222957059
1244685585001975808
1244691870535626753
1244692150480261120
1244693924628832256
1244694407653326853
1244695918676447232
1244698419228299268
1244706485818601472
1244707227543445504
1244707486235537414
1244709498884947969
1244718055592165376
1244724856635232267
1244731635767091209
1244733159666864128
1244734407556112387
1244735941790568448
1244744735601852417
1244761955514138624
1244766023796035584
1244770271933890561
1244774309651980288
1244779136813608961
1244784033986461696
1244788400701485056
1244792580560338944
1244797743861825537
1244802621698977792
1244806807224270848
1244811800929058817
1244816621224550402
1244821422792458242
1244826284980604930
1244831296188186624
1244836175245950977
1244843371287412736
1244847902314430466
1244851693629706245
1244856254104772608
1244860870389387265
1244865762159984642
1244873317582090241
1244878155254546432
1244882985461088256
1244886927985303553
1244891764621803523
1244896676365697029
1244903768065531904
1244908666425311232
1244913549048250369
1244918119187001344
1244922663035961347
1244927511093485573
1244932225076023298
1244936989604012034
1244938290802954241
1244943086037458946
1244947888687456257
1244954613884862465
1244958753377660929
1244963424381161473
1244965232893661184
1244969705317818369
1244974460475711488
1244974646132424704
1244979413420331008
1244985338034032641
1244990015765086208
1244994123020537857
1244998986555101184
1245000668575916032
1245005305160839171
1245009476979220489
1245014306644725760
1245019051467907077
1245025627784298498
1245026225007050752
1245030875705806848
1245035102234705926
1245039425152835586
1245044368681185280
1245047797684097025
1245053007131262976
1245054025088798723
1245054553965367297
1245058953802899458
1245063908265730048
1245068823088312321
1245076179935264772
1245078477130383360
1245079444362080256
1245080937198751746
1245082709648642051
1245085237278920706
1245086487319842819
1245087570209525767
1245093954086998016
1245094028384796672
1245095042114600960
1245095042617925632
1245096080393584641
1245096293900398592
1245096810852597761
1245097321521709056
1245099326701002754
1245108620003618821
1245108947431952390
1245112162860904448
1245112652831039489
1245115680246190080
1245120242277396480
1245124345283981314
1245129275847651330
1245133494730264583
1245137676002562048
1245142018839453698
1245142843284492288
1245147846988517377
1245152195881906180
1245156498256396290
1245158464307027968
1245163627189022720
1245168001906880512
1245172868654272513
1245176859236720642
1245181972768534528
1245187180391268352
1245192499909492737
1245198964598738955
1245198970768498688
1245203327606022144
1245208042041466881
1245214710573776898
1245229625069969408
1245230166038675456
1245235224524533760
1245239255389089792
1245243114555609088
1245247647390236672
1245251475393204225
1245255605021028353
1245259424542965760
1245263690477207553
1245267565120716800
1245271403525541888
1245275370645004289
1245279577188044800
1245283543439347712
1245290064420253696
1245293844209569794
1245298276250812416
1245302177691766785
1245304196221501440
1245308023469420548
1245311996079345670
1245315969188352000
1245319965160472578
1245320519165018112
1245324385856163842
1245327461098885122
1245327462390775809
1245327464026513408
1245327465775587329
1245327467491078144
1245327468829069314
1245327470150275072
1245327471546896388
1245327473044262912
1245327474734649345
1245327476127158273
1245330380363833350
1245334950980845570
1245340924345028612
1245345718652538880
1245347878144532483
1245351905150279680
1245355694729105408
1245359717674823682
1245363598039363585
1245364985863299072
1245367081782173703
1245368791850266631
1245374123762745345
1245380440657203202
1245380574828802049
1245380936935628800
1245385072137682948
1245386303631392774
1245391245104615424
1245396026015584257
1245396524344975360
1245397288572329985
1245398042905362434
1245398273541771267
1245398534045736960
1245401551608430593
1245403114959765515
1245411385468739584
1245416402984583170
1245420640271728642
1245424609987526662
1245428737807650819
1245431216192487424
1245435518688669697
1245439516036476934
1245443407549521920
1245443592816123904
1245449147936911361
1245450128951070722
1245454408344797186
1245455921196797952
1245457197687021570
1245460202125656075
1245463481660452865
1245464733874098177
1245471524804538370
1245472772178018305
1245475798808748032
1245479828402339841
1245484838791995392
1245489996070637574
1245494417127084034
1245498706700513286
