1234992586764341248
1234994465208619010
1234998707373801472
1235000253339668480
1235007802977984517
1235014287938277376
1235022816329658368
1235030350889234432
1235038002142797824
1235049277560250371
1235053061745197056
1235060524288630784
1235064426161524737
1235068201089683456
1235075094176727042
1235079525412691970
1235083346423820290
1235090805733249024
1235094497060478977
1235098336207626240
1235102174851432449
1235105949465169920
1235113499686100992
1235121049403944960
1235128844568399879
1235136029235044353
1235139923272966144
1235143582736175104
1235147418183888897
1235151248183173120
1235155023434264578
1235158758382358536
1235162482135756800
1235166347761512448
1235173862616248320
1235173862624694273
1235181379207548930
1235188996940148738
1235192055326019585
1235194558901870593
1235196418190700544
1235204071088369669
1235207800323813377
1235211598853214209
1235215364981772288
1235219172797435905
1235222890930413568
1235226954883792905
1235227940394340352
1235230403386109954
1235234209968648199
1235238027632484352
1235241716355076104
1235245531863093248
1235249375967838211
1235253216842887168
1235255100475609089
1235260612864860161
1235264083546583042
1235264494412206080
1235268160649125888
1235272099209629702
1235275776049766403
1235279471818792960
1235284344035565572
1235287013714284545
1235290884276719623
1235292767762468873
1235296070164455427
1235298360803946496
1235302211061780482
1235306830135463942
1235307758326550528
1235310129207222274
1235319003998048256
1235324813742428160
1235325818903171078
1235328573906579456
1235331116287922176
1235332369479094275
1235334166222430211
1235335382784446464
1235339862879989763
1235341755689635840
1235347430058663936
1235351697532375040
1235355063666774080
1235356813102587911
1235362558917435392
1235370175148552196
1235377618691768321
1235385222717468673
1235392750553571329
1235400299776323584
1235404051010981888
1235407852698775553
1235415469139595264
1235422942349099009
1235430543581470720
1235438138304184323
1235441913358147585
1235445636172075008
1235453212196343810
1235460680708263936
1235468310998921217
1235468552259452928
1235475766919311360
1235483437084979200
1235490957270945792
1235498417708609537
1235505964398280704
1235509828426043394
1235513652100259840
1235521149695668224
1235524960644411393
1235528735627055104
1235539782014570496
1235540859682250754
1235541775294648320
1235541784404602880
1235541788720377856
1235541792608497664
1235541800804208642
1235541804650582016
1235541807288680450
1235543036983197698
1235543039642386434
1235543046156058639
1235543049196969985
1235543056134352896
1235543062799159296
1235544356863569922
1235544366061703175
1235544372294414345
1235544384910876673
1235544388182224897
1235545469209763840
1235545480165113856
1235545486162923520
1235545489992540163
1235545496447565824
1235545500041936898
1235545504227917825
1235546504242376706
1235546513528496128
1235546519685734400
1235546522571374593
1235546528732909568
1235546531983511553
1235547932826521600
1235547936173379584
1235547947191984129
1235547962509574145
1235547965307195392
1235549151338926080
1235549153914208257
1235549156955099137
1235549170372657158
1235549177247039488
1235549182859059200
1235550347147558913
1235550350209208322
1235550357297737728
1235550360305111040
1235550363131899906
1235550375513554944
1235551845097115650
1235552432295481349
1235552448305156099
1235552451115261953
1235552467376627712
1235553803920986116
1235553807469338626
1235553810656854021
1235553818458415105
1235553872074223616
1235553878461911046
1235553881523974144
1235556881449578496
1235558137958215680
1235559496795201536
1235560109419515907
1235560696399769601
1235561939180216323
1235563287732981760
1235564410141200385
1235568120896655360
1235570176822620162
1235570649382506502
1235573994746777602
1235577054164406273
1235584541407899648
1235588859519471617
1235589090386628608
1235590827034005507
1235592098583281665
1235596666184622080
1235598994312740864
1235599589530427392
1235604173271547904
1235605406384193538
1235605491331534848
1235607151646773250
1235611723668713472
1235614687263248384
1235619222094561281
1235622233776754688
1235622304714862592
1235626761104355328
1235629779279175680
1235634381697449984
1235637377793757184
1235641897521000448
1235645678719664129
1235649403605708800
1235653232464142336
1235656833475506184
1235656973099515905
1235658313133469696
1235661185149816833
1235662734601187342
1235664504886824960
1235667529541881861
1235668405744791564
1235672180869885953
1235678827314999296
1235679560584146949
1235683414692507650
1235687221442813953
1235687943869734921
1235690948224483328
1235694789150064640
1235701564657922048
1235702370996285441
1235705283650830337
1235709929383739392
1235717397497200640
1235724899324440587
1235730463010025472
1235732562452123649
1235740103571619841
1235747587375980549
1235755161194291202
1235758877267890176
1235762779874869248
1235766469381799938
1235770199216975873
1235777768421494785
1235781522642345987
1235785427019235329
1235792891508858885
1235796874256236545
1235800459950133248
1235808036981059584
1235811722096570368
1235815514431086594
1235823176346566656
1235830692358963202
1235838155489591297
1235845773012549633
1235853285854023681
1235860925082513418
1235868430391115778
1235875899423084546
1235879798934851584
1235883536172945408
1235891068379545601
1235894874492280832
1235898673290149888
1235906223079292929
1235909997810376704
1235913744741527552
1235921322997420032
1235928795011592192
1235932588277207040
1235936422458265600
1235940196509720577
1235940465356296192
1235941881273606144
1235943945173184515
1235947735989334017
1235949945720573952
1235951400749842432
1235952439184027650
1235955220515098624
1235959389066014722
1235962812633137153
1235966620830511106
1235970302875766784
1235974131570573314
1235977876266266624
1235981611834978305
1235985423341621252
1235989256646074369
1235992964704489472
1235996794531835906
1236000554372993024
1236004339237482496
1236008043525091329
1236011885406965760
1236013046415478790
1236013991094366211
1236015643385831424
1236019382771466240
1236019868731871235
1236023117929209856
1236024892035915776
1236026966391824388
1236030793681637378
1236034457519431682
1236035534805446657
1236042047188070405
1236043756136280065
1236048026759647234
1236049565708582912
1236053394365825025
1236053794976301057
1236056791122874369
1236057194732363776
1236064743879737344
1236066362759446529
1236074552842694656
1236077487207190528
1236079817050722304
1236087291040460800
1236087916172062720
1236094966482505731
1236102482385870848
1236110008724664320
1236117511600590848
1236125165559459840
1236132700899155968
1236140163899760640
1236147726678724608
1236155235766284288
1236163500399046656
1236170390105358336
1236178013802414080
1236185535602966528
1236193084821647360
1236200662939074560
1236208212799639553
1236215654128275457
1236223187085639682
1236230862032834560
1236238411859623936
1236245894644850688
1236253581289893888
1236261060954542081
1236268610789814272
1236276041569665024
1236283712557416458
1236291230323130369
1236298732238508032
1236306359618080768
1236308121112522753
1236311895881244675
1236313875408191488
1236315671119777794
1236318058899214338
1236319369652731914
1236321376807587840
1236328917105020928
1236329424192262144
1236334446518943744
1236336536532201473
1236339539066699776
1236344000975712256
1236345714684370944
1236351586034692096
1236354599776333825
1236359167214006275
1236359664721223680
1236366757444694017
1236372319192449024
1236374307124756486
1236377205892173825
1236381857056460800
1236382301145182214
1236389296871026689
1236396848291762177
1236401144454426624
1236404414442885121
1236411958917836801
1236419544966717440
1236427155418071040
1236434705169428481
1236442257013837825
1236449701626613760
1236457232709160961
1236464795236302848
1236472365716037633
1236480003975634944
1236487518696210432
1236494980266500096
1236502583793061888
1236510273911107584
1236511964303634432
1236517752350937090
1236525302400024578
1236532834325725184
1236540403551219712
1236547924605239296
1236555501367894017
1236563051081543681
1236570487414718464
1236578122276970496
1236585587106340864
1236593121259126784
1236600799645532160
1236608327880265728
1236615840059076608
1236623449159806977
1236630963003801600
1236638548385824768
1236646098258796548
1236646582747086848
1236649118140977154
1236653608797720576
1236659072805548038
1236661585491431425
1236668747349458947
1236672996506509313
1236676297247666177
1236683731789852672
1236691396742057990
1236693127160889344
1236698830567079937
1236699449516273664
1236706495930208259
1236714045899759617
1236715678926848004
1236721557587800066
1236726599241928714
1236729145322876929
1236736599746129922
1236740848030752768
1236744199074086913
1236751759403515904
1236759344345202688
1236765114822516736
1236766853705449472
1236774390911696896
1236782057763856385
1236789482201939970
1236796997744672769
1236804607592083456
1236812094407835650
1236819742385676291
1236827185564069889
1236834806262042626
1236842359087923200
1236849887423193089
1236857402256953345
1236861265970171906
1236864931628290079
1236872542171926528
1236880018757890048
1236883878947717120
1236887673048043520
1236898936889257984
1236902661405974528
1236910339226288130
1236917889183166464
1236921663742246912
1236925406617403393
1236932950270382085
1236951843550396418
1236953538535849984
1236955637680136193
1236959301895405568
1236963158872461314
1236970681520308224
1236978162510299143
1236983413204279297
1236985754460487683
1236989989189234688
1236993352660221953
1237000833268699137
1237004729672237056
1237006011438858241
1237011508082675712
1237016096479346688
1237019810535530500
1237025193622736899
1237026084069269507
1237031117590593536
1237038650816442368
1237042446158225409
1237045400521052160
1237046574531915776
1237049888162091009
1237051929513033728
1237057258959273984
1237061310103379969
1237065026952925184
1237066734730915843
1237068813566464000
1237072713065340929
1237076320246476800
1237080142310248450
1237083949769330694
1237083983546064898
1237087737171390464
1237091533276545025
1237095220656906240
1237099042494197760
1237101152468111361
1237102766117588994
1237106632754180097
1237110315936088065
1237114144635203587
1237117939435868161
1237121220711243782
1237124324210991104
1237125032775737347
1237128857561362432
1237129161271115781
1237129669633335299
1237136785622405120
1237142276058615810
1237144317896130560
1237151806775533570
1237159457668452352
1237162457635979265
1237167030924705809
1237174580659261440
1237182160794193920
1237189582736764931
1237197129359261697
1237204666850648065
1237212235048632320
1237219878907625472
1237227428730339328
1237234907992264705
1237242528270880769
1237250026075799556
1237257602293170178
1237265177592160256
1237268952247648262
1237272696184025090
1237276413713096704
1237280205485506560
1237287747674570753
1237295323124576256
1237302880555667456
1237306580334510080
1237310419468980226
1237317959984525313
1237321800431939586
1237325526357942272
1237333025677094912
1237336833719238656
1237340547796422656
1237348102241165312
1237350603162091520
1237355719927705601
1237361211173462019
1237363283167977472
1237366982317674497
1237374561907281921
1237378391478865922
1237382185604337666
1237385866315575296
1237389685627990016
1237393431690792963
1237397246649532417
1237401072811024385
1237404741740695552
1237408613850918914
1237412293417279492
1237417443833847808
1237420241786978311
1237423677853106176
1237427398041362438
1237427904079937537
1237431151859503104
1237434987630264320
1237438707977924608
1237440744635469827
1237442469949845507
1237446309843480578
1237450052387442690
1237453854490398721
1237461431462899712
1237468923618045952
1237472833678249985
1237475849739403264
1237476477119201282
1237480224327155716
1237483996960952320
1237488319178649600
1237491621039689740
1237492100930797568
1237492102759620609
1237499094047830020
1237500928015708160
1237506641366482944
1237514212621955072
1237521782401204224
1237529386468831232
1237529893933441025
1237536839973527553
1237544423610658817
1237552067868160001
1237559542839275520
1237567090493550592
1237570818864902144
1237574717273296898
1237582245470208001
1237589687960612865
1237593492018188291
1237597366523318274
1237601149517066240
1237604879817830400
1237612466021883906
1237619968272928769
1237627565361246208
1237635012515844096
1237642573524733952
1237646439678980096
1237650214913277952
1237657750760538112
1237661539378827265
1237665314051104768
1237672820768989192
1237680413629390848
1237687900772470789
1237695513283133440
1237702957677887488
1237710584860344322
1237718048565592065
1237725681955622912
1237729636425117698
1237733239218999296
1237738828087123969
1237740872801886208
1237748250662313984
1237752112769007616
1237752478646534144
1237755825537593345
1237759593582931971
1237760284347039744
1237763336412049410
1237767731946143745
1237768949967851520
1237772774631968768
1237774736458944516
1237778443141615617
1237784750884093959
1237787450019381249
1237787451088928768
1237789830576246784
1237793599938494465
1237797434467717123
1237799357216325633
1237801081247326209
1237804353865633792
1237808698644455424
1237812787633627136
1237816258684497920
1237817141237342208
1237819955976056836
1237825362215800834
1237827600623513601
1237831392882577409
1237835414263693312
1237835416428056576
1237839336906928128
1237846464308510722
1237849025144950785
1237853976713814024
1237857755832012801
1237858009130254342
1237861520341495809
1237869045380083712
1237872934439378945
1237876609740189704
1237879638711386112
1237884172334743552
1237891721842683905
1237894826340704258
1237899262429560838
1237906886701338625
1237914632674828288
1237921903693770753
1237922237010849798
1237927719033286661
1237932125179052033
1237936985706299394
1237940816594771969
1237944540088147970
1237952094944071681
1237955979154784259
1237959724479451136
1237967434231025664
1237974725336485888
1237982403408338944
1237986178139373568
1237989927670951936
1237997373818839040
1238005030374051840
1238012586542727169
1238020152463183874
1238027590738292736
1238035217975259138
1238042672130129920
1238050325157814277
1238057901035528195
1238065324563542016
1238069225534771200
1238072908045574145
1238080495927296000
1238088099932012548
1238091821785513985
1238095548651012102
1238099401064820737
1238101868435443713
1238103194921730050
1238106952607109121
1238110676058603531
1238113260274139136
1238114419214860293
1238115278866788354
1238117023906967553
1238118177210609664
1238122015120334854
1238125848496136192
1238129591488839680
1238133398134194176
1238136725974777857
1238139329207316480
1238144620518932483
1238148471472996352
1238152188452577282
1238155991532929024
1238157688917327874
1238163492127019009
1238165603137044481
1238166929011027968
1238167341835354115
1238171094282010626
1238174921894834176
1238178609732489218
1238179095546138624
1238186188407738368
1238189893395808257
1238190203652780034
1238193681615724551
1238203586120728600
1238204236720152576
1238208773925285888
1238209366261747712
1238210407933894662
1238212580922912768
1238213052857831429
1238216361538617346
1238218172400046080
1238220211238641664
1238223872438292480
1238226890810417152
1238231416133033984
1238233177942081536
1238235746189873153
1238236641455755264
1238239060789014528
1238246560338673665
1238249664501161986
1238254091270336513
1238255949632221185
1238261744168054785
1238262175489232896
1238268230118133760
1238269293705531392
1238276719800393729
1238280618309492737
1238284269413437440
1238291857278410758
1238299448465412096
1238306957448171523
1238310765569937408
1238314515281989632
1238322101498544128
1238325890226032640
1238329657348354050
1238337226674704386
1238344706846851072
1238352340861816832
1238363622704898049
1238367406403313665
1238374949280235522
1238382499069333507
1238390089786503170
1238393864441999361
1238397596923842560
1238405159320944640
1238412687110963200
1238416501859856384
1238420288695656453
1238423308825067520
1238427828888244224
1238429571701145600
1238431513013821441
1238435263371771904
1238441383217827841
1238442811852304386
1238446607194034176
1238450435951910912
1238454264789426178
1238457920653799426
1238460033198960640
1238461812301062144
1238464085701857280
1238465649325887488
1238469296675786753
1238471706861281286
1238473013592539137
1238476784393498626
1238480627831365634
1238484409348743170
1238488120565399552
1238489643919847424
1238491922362179586
1238492603282309122
1238493489161056256
1238495761995837441
1238499470687567873
1238503207665643520
1238503321197056000
1238507060851073028
1238510854078857217
1238514187002941440
1238522171015692291
1238525909096939522
1238528888520744961
1238529697568391171
1238535710748991488
1238537278408056833
1238538428628656128
1238540957911564289
1238548514789101569
1238552330867544072
1238553801566703616
1238555844922531840
1238563619262074881
1238571159676911617
1238574259737366529
1238575003349762048
1238581167252819968
1238584210069303297
1238586267476033544
1238589852951683075
1238593858369458177
1238601433823481859
1238604012267716609
1238609032384073736
1238610040938024971
1238615261009371137
1238616458529247233
1238624021966659584
1238628724112863232
1238631572854759424
1238637882346258432
1238639220517941249
1238654204992008192
1238661751060692992
1238669353199063041
1238676980217925632
1238684529864454144
1238692079708110849
1238699598597828609
1238707178988605440
1238714679272275968
1238722278533337089
1238729702589829120
1238737378111619072
1238744798359703553
1238752477593419776
1238760027235778561
1238767450562473984
1238775126881173504
1238782676678688768
1238790226438426624
1238797776198283264
1238805294760759296
1238812875587715073
1238820299929538561
1238822138469134336
1238824651549216769
1238827935181701121
1238828353697832961
1238830933551259649
1238835576679399426
1238837811597512705
1238838498477604865
1238841032768356352
1238842950781677573
1238850582573731840
1238858174142308353
1238858651974209536
1238865689873711104
1238873152974999552
1238877955914432513
1238880806761873413
1238884550832504832
1238888297163894791
1238888829693710336
1238895925290061825
1238903440799121408
1238910934497796097
1238910934527217665
1238912717081268224
1238918564326920198
1238920251808591873
1238921469159186432
1238926011552628737
1238936777588645888
1238941117393113090
1238948749403095040
1238956221513826305
1238963749685518342
1238971350955556864
1238978851482611712
1238986487938637830
1238994041666187264
1239001491182157824
1239003118110683138
1239009045572452352
1239016654950064128
1239024200326750209
1239031707531194369
1239033544468574211
1239039368154746882
1239046917570678784
1239054467334582273
1239069566942281730
1239077116525846528
1239084633163096064
1239092216095744000
1239099514302214145
1239107315778891776
1239114783288365056
1239122415206248449
1239129964869541888
1239137493682970625
1239145036358594562
1239152486897922050
1239160142375026688
1239167694139686912
1239175246407766016
1239180776920547329
1239182723765489667
1239183187286335494
1239185742817038337
1239188299253768192
1239190236174979073
1239190832848257025
1239194641267908608
1239197799209676801
1239205427537215491
1239209623401480192
1239212937371320320
1239220562012123137
1239228072047587328
1239229760028409857
1239243110502326273
1239243110586241026
1239247466328928256
1239250734882881538
1239251165063282688
1239258216372097024
1239258708435185668
1239267622014894087
1239273372724465664
1239273372850192384
1239280856180670465
1239288494335430659
1239293940634980354
1239296033135435778
1239301778648301574
1239303519435440131
1239306855060516865
1239310369295908867
1239311662093611014
1239318665532780553
1239326230295560195
1239327971007225857
1239329254120316928
1239333782836121602
1239341305601425415
1239344675166748674
1239348879759486978
1239356340390199300
1239363941324775429
1239371462022234112
1239379055075643397
1239381623038267401
1239384643151040512
1239386741464850432
1239390431336677376
1239394205950267392
1239401703176364033
1239409258917216256
1239413080498601986
1239416838884294656
1239420589825314816
1239424282041757697
1239431892832829440
1239435811373953025
1239439460875612161
1239447046710530049
1239454591701442560
1239458344378695680
1239462028047237122
1239465859829161984
1239469703623512065
1239477146160115713
1239484724902531074
1239492235265290240
1239499882748092416
1239507452456054785
1239511125806497792
1239522214321545216
1239522462066450432
1239524708019777536
1239529972366278657
1239537523325534212
1239541331736887299
1239545154861707269
1239548910139584512
1239550916736491520
1239554469093945349
1239556525867307009
1239560710297976833
1239564075509542913
1239567850106388480
1239571564661792770
1239572144490676224
1239575333843714055
1239579123087015938
1239586624847187970
1239590568759623681
1239594190574702598
1239597994577743872
1239599088171089920
1239601769283571712
1239604936490602497
1239605403434070018
1239605485810126849
1239614129914216450
1239619573231562754
1239620626962427905
1239622539548246018
1239624346169196550
1239628204735967235
1239631692383453184
1239631933174362112
1239635798003195911
1239639572918816769
1239646833602936833
1239647908749889538
1239649294371749888
1239651431596150794
1239658394669236224
1239660860882276354
1239665887977918467
1239666459162312706
1239668973664436224
1239673445551661058
1239674002643312644
1239681068330102784
1239682767509692424
1239688474707595274
1239688603082592261
1239696072194260993
1239696657773662208
1239700431883943937
1239703646474043393
1239708000488689665
1239711171999076353
1239718721607868416
1239726337591595008
1239733944750428160
1239741591239131137
1239752742253531137
1239756559812624387
1239760334082183168
1239764143839891456
1239767791642669062
1239771586875588609
1239779243195805696
1239786704678109184
1239794608235843585
1239798083904589824
1239801892617797632
1239809429412945920
1239813216928256000
1239816991910830082
1239824509751959552
1239832330665103360
1239835747714301952
1239839565399154689
1239843416051245056
1239847167810027522
1239854724163215362
1239858587201085441
1239862214582034432
1239869778677903360
1239877279616045057
1239883039959900160
1239884852058632192
1239892407635922947
1239896136556711939
1239900039301955584
1239900110911352832
1239903729752649733
1239905789122314240
1239910962465067008
1239915043216637954
1239919879337267201
1239921514541191169
1239926409830727680
1239930181743194121
1239933948161032195
1239934971806171145
1239936422271782912
1239937758313033728
1239941488177446912
1239946411988455424
1239951217763237888
1239955310342742016
1239958639030517761
1239960266223345667
1239964141034471424
1239967896538738688
1239971672381259776
1239975414233104385
1239979189903769600
1239983038664249346
1239986751701213184
1239990531679289344
1239993608855597056
1239994346830774274
1239995986266804226
1239997431632154624
1240000873343959044
1240001855305986048
1240005735808991234
1240009432572051463
1240013215398088704
1240016959292551174
1240018689933615111
1240020814893907970
1240026322124132358
1240027503684726785
1240028299612610567
1240036180235816965
1240038826854297603
1240043447085563906
1240048552031600640
1240050971478237184
1240056530537496577
1240058494193205248
1240060273807024129
1240066060839194629
1240069053496135680
1240069826334392329
1240073647387279362
1240074130403270658
1240081195632939013
1240088660646690827
1240092517498060803
1240093021854740480
1240096294141558792
1240099992410431492
1240103834845839366
1240107554606395396
1240111316574056449
1240115133013262336
1240118864752660480
1240122650732777473
1240126477108162563
1240134049508835335
1240141568910163969
1240156607822147584
1240164249902735361
1240168008129142785
1240171830079610882
1240175509566349313
1240179257139179520
1240186908388601862
1240194479212113920
1240201900122943489
1240209498985451520
1240217038561427458
1240220903449001984
1240224548966014976
1240228453061967877
1240232178694467586
1240239700528582658
1240243738531807234
1240247258421084163
1240250297919864834
1240254800475885568
1240256306335944705
1240262370007691267
1240266201969942531
1240269937844903937
1240273639678906369
1240277506432827396
1240281273408643072
1240285034625601539
1240288730117701633
1240292625967722496
1240296400887394305
1240300027446083584
1240300427234680832
1240300925765464064
1240303824306388995
1240307598999654403
1240311473525723139
1240315981504839685
1240316268189794305
1240322780727521280
1240326562551074816
1240330495549939714
1240332117688664064
1240337861624369154
1240340384850599938
1240340570054295552
1240341333870551041
1240341660086738947
1240345048316772353
1240345406795583491
1240349125977214982
1240352938167599109
1240360573952499712
1240368074471112704
1240375525580902401
1240379359699099650
1240383120098156544
1240390775504023554
1240398320784334848
1240398776709320705
1240406100354179072
1240406347864301569
1240413292830564352
1240413850622722050
1240420869924667393
1240428482473197568
1240428952918818817
1240435964432068610
1240443530620932103
1240447395684585474
1240451089230639104
1240458683756228609
1240466149072134147
1240470015092154368
1240473470900809729
1240477552310915074
1240481318468751360
1240485144747741189
1240488878546526210
1240496354218192898
1240504001763950592
1240507756521631744
1240511568657494016
1240515306742779904
1240519022518599680
1240526625026068480
1240530374003957760
1240534120113070083
1240537869590188032
1240541660729262086
1240549283591598080
1240556867409055745
1240564417198202880
1240571947383238656
1240575614140256258
1240579479606636544
1240583328874586114
1240586991227600898
1240590772795211777
1240593866824339456
1240602099416739840
1240609635083735040
1240617162198454272
1240622671446061057
1240626656915656705
1240628538438553601
1240632364801445888
1240636011882975233
1240636235179274241
1240637312796635136
1240639041139290114
1240639885247160321
1240643659302866944
1240647396566208513
1240651233251266562
1240654984666058752
1240656549871259649
1240661992886562816
1240662586602946561
1240666263296319489
1240669161430355973
1240670090074472448
1240673734459039744
1240673793602961408
1240675723075039233
1240677786735521796
1240681382139043850
1240685144085676032
1240688987938803713
1240691360132259840
1240696452973613056
1240700271610621952
1240705872113717248
1240705876337491968
1240705880636575751
1240705885749383174
1240705891298504704
1240705895480188928
1240707785630851074
1240713540043849729
1240714658677481473
1240715345859678208
1240716300080594945
1240718612182138881
1240722915475193856
1240726670476283908
1240731893332664322
1240733456121937925
1240738892652990467
1240745522748633113
1240749371802693633
1240753060399497227
1240754300210601987
1240757411134177283
1240760586629189633
1240762414095892481
1240764946113232901
1240768578795851777
1240775744021770251
1240778736875732997
1240783280007450624
1240790832384483330
1240792649357053954
1240795158993678340
1240798459051094018
1240800197917188099
1240801420435128321
1240805882235150336
1240813457529856000
1240817333775536128
1240821069193400321
1240824848542285831
1240828597444718592
1240832531659964417
1240836144306274304
1240839879820480517
1240843701259309056
1240847435263610880
1240851381939994624
1240858736912195584
1240862631919050752
1240866347581669376
1240873956544073729
1240877731346333696
1240881482006253568
1240885281143881728
1240889102804889600
1240896570075295744
1240900380646670336
1240904088591708160
1240907888912187392
1240911632018128899
1240919133551656960
1240923029946892288
1240926766237200385
1240930579794796544
1240934234358980609
1240941823243309056
1240945576432283648
1240949421346521088
1240957003939426305
1240964438687133697
1240968285388181504
1240972077525544960
1240979542128373766
1240987173438066694
1240991117241389057
1240994720677007360
1240998984321249288
1241002276002697216
1241002529347047424
1241006013580480512
1241006048280002563
1241009722960027648
1241012588030427145
1241017492581027842
1241021190094950400
1241021633223106562
1241024935960739841
1241028713925378049
1241028726344880129
1241029963119243265
1241032393278005248
1241036264142487564
1241041185533239297
1241043697363492867
1241045659735724032
1241047266108084224
1241048421366202369
1241051375557062660
1241054867944361985
1241058572538130432
1241062398724837377
1241065288214421504
1241070128659398657
1241077477734309888
1241085007545929729
1241085999893098500
1241092526792232961
1241096387133128704
1241100078623883265
1241107645471301635
1241111334365863937
1241111433552834562
1241115263032070149
1241122740414922752
1241123520890929155
1241130342372818945
1241137896993718277
1241142082691096579
1241145419503206400
1241151930405195776
1241153003769548810
1241156207819272192
1241160496654548994
1241168090253209604
1241175665455566848
1241183181077954568
1241190713418801163
1241198293750820864
1241205828725755914
1241213366728876032
1241220947836899329
1241236344598417410
1241236344602591233
1241243586521432069
1241251140903350273
1241258702042267649
1241266188539355136
1241273759283191814
1241281346347118595
1241288877408686080
1241296430368784385
1241304292159631360
1241319112271372289
1241326578589671425
1241334193180852224
1241341752008736768
1241349256260325376
1241356853717721088
1241358582223904769
1241362676707733505
1241364416324567041
1241366096118272002
1241371871133736960
1241372481690230785
1241376256089874433
1241379417500323843
1241386990882390016
1241394564327452674
1241402438994853888
1241406362896281611
1241408958042181633
1241409988872060929
1241411435957280768
1241417290069000197
1241424782664642564
1241425264544026635
1241430624466014210
1241432271019704327
1241437881824092161
1241440187961479168
1241445430543745024
1241447406635450368
1241454954201612288
1241458307778437124
1241462471896023041
1241470106594615299
1241470935175217152
1241477572329865218
1241481068643057669
1241485161998532608
1241492750522081281
1241500289389248512
1241507837538455555
1241515310861164546
1241522894729027591
1241530501468471296
1241538010686140428
1241545591005548546
1241553075451703299
1241560718211715079
1241568533261234176
1241575814254247937
1241583279062560773
1241590817153826817
1241598373376950272
1241605932615950338
1241613532971630592
1241621020110438402
1241628585372332035
1241636186835337217
1241643675165351937
1241651214028333057
1241658868113051649
1241666312499277825
1241673951719415809
1241681564355964928
1241688973761708032
1241696510997340160
1241704151974895616
1241711636446089216
1241719257790062599
1241722298538831874
1241728499163029504
1241734283439587328
1241736114597134337
1241741832259866624
1241747455823286272
1241749435303985155
1241753660746608641
1241756900770951170
1241757412463345668
1241764491332849664
1241764958716735491
1241772056175431691
1241772553057812480
1241773775554842630
1241779676609208321
1241787205594550272
1241787675658551301
1241792733922107394
1241794681639444480
1241795828525797377
1241802268036476940
1241809853535879169
1241817675069829120
1241824868955492353
1241832460075360260
1241837935735066626
1241839990595899392
1241841409327431680
1241847579517898752
1241855144792395776
1241862700088668160
1241870175424720897
1241877744180432898
1241885279134330893
1241892910133645315
1241900377743785988
1241907946595979269
1241915492316700683
1241919323133947907
1241923056861433856
1241930574580899840
1241938201620762624
1241945707520634883
1241949492317949953
1241953203077480448
1241960754934353921
1241968390236971008
1241976126110605314
1241983481724514305
1241990944762875904
1241998599900323840
1242006087374647296
1242009855965224965
1242013674635694088
1242021219727179778
1242036296719220736
1242036296794726405
1242040059622293506
1242043792884142086
1242050268654702592
1242050924073410561
1242054284356849665
1242055120176721920
1242059208528465926
1242066477550915590
1242074011485511680
1242077861902761987
1242081637736857601
1242085342930448390
1242089282732515329
1242092961648828417
1242096659460472833
1242100509206511619
1242104205822906368
1242108002016124929
1242111764361293825
1242115522646495234
1242117323747721218
1242119317602344963
1242120185076744196
1242123075270987778
1242123854341906439
1242126888228839426
1242130621918576654
1242134505491763200
1242138195590078465
1242143026237095936
1242145727951917057
1242148795812544512
1242149596677242881
1242153557312393217
1242156732383543297
1242157040845443075
1242159351432953858
1242160843359498241
1242164601036451842
1242168401302376452
1242172148145405953
1242175990626910211
1242176461055954944
1242179738443157505
1242187586350784512
1242194819218386944
1242195380370132998
1242202906213875712
1242204757457907712
1242205953296121858
1242209953781297155
1242212958534500353
1242217519437484032
1242225032610426880
1242226848538472449
1242232571775332360
1242240181480108039
1242247678211362822
1242255200917884928
1242262748551135239
1242266603879833604
1242270287133061121
1242277861932830721
1242285470631047170
1242293178000199681
1242296787882446848
1242300492606210051
1242304350011174918
1242308317541806082
1242311868686962689
1242315684257857536
1242323163381366785
1242330732875395074
1242334511779676160
1242338358728294400
1242342119093743619
1242346056781828101
1242353425356111872
1242360888033718272
1242368471322722336
1242372247458910208
1242375998131372032
1242383672591949824
1242387382571327488
1242391192383426561
1242398733783969794
1242406192342851584
1242413749534941185
1242421287877779457
1242428853819191298
1242436481135902720
1242440190142144516
1242443955419205632
1242447744649891840
1242451628109844481
1242455283269619712
1242459123968507906
1242462819053944833
1242466681789632512
1242470431229124609
1242475409142317056
1242477953830858752
1242479759495507968
1242481737466351617
1242485498922389504
1242487472212381696
1242493078159667203
1242496857391149057
1242500590841798661
1242504524583010305
1242508158540578816
1242514256794353670
1242518224081752064
1242521193988661248
1242523747510353921
1242526993452871680
1242528486604013573
1242530798219284485
1242531482310250496
1242532089179889665
1242532919203303425
1242537588805828610
1242538044181315585
1242542149343875074
1242542202359775233
1242542765713420288
1242546944427393024
1242548120141074433
1242549917542948864
1242557228789399553
1242564778989666315
1242564823906304000
1242568516668137473
1242572312429330434
1242574154047655942
1242579951313981442
1242587520514297858
1242590719761690636
1242594958906982400
1242596737023463429
1242602563956092928
1242603064424628226
1242606346723381249
1242610098402361345
1242617590704410626
1242625228016103426
1242632798160257025
1242636474404745219
1242640531307532289
1242644059132493824
1242647952369295363
1242651603594817549
1242655402887700481
1242659153430089730
1242663349957074945
1242670464952143874
1242685591151685632
1242689325650849794
1242693184033107971
1242700745364963328
1242704436469862401
1242708230150803456
1242715946369847302
1242723354550960128
1242730945716916224
1242734717587410944
1242738392049352706
1242742319255883778
1242745940718637058
1242753565711613952
1242757335271038976
1242761094986432513
1242768284744912896
1242769014427987968
1242776154869846022
1242783749462470657
1242791260194320385
1242798355467644929
1242798812252508167
1242802636379885568
1242806633060872192
1242810138513354752
1242814015291764742
1242817679519612930
1242821457308254209
1242825246195044356
1242829020967960576
1242832765617389570
1242836554009190400
1242839379204132866
1242840326500425729
1242844075688067072
1242845680642789376
1242847957914914816
1242851973956866048
1242855610846195712
1242859211043766274
1242865563573145603
1242866866722353153
1242867044481105920
1242871297492824064
1242873499250757633
1242874333074280456
1242874960982487042
1242878116676218887
1242881445338722309
1242889531923275779
1242893234608713728
1242897002402381835
1242899611578175497
1242900760138002432
1242904529101864961
1242910735442882561
1242912139137953792
1242915876065742848
1242919917697019904
1242922624247836674
1242926588557012992
1242927216280944648
1242928107662778368
1242931414036893696
1242935142575980546
1242936481418747916
1242942243155181569
1242957345149370368
1242962864664711169
1242964930367819776
1242967919652470785
1242972411743649792
1242974198185758725
1242980196862623750
1242987576883138560
1242995296713441280
1242998909162659842
1243002962982637574
1243006418590076930
1243010218461736965
1243013986041450496
1243017787716644866
1243021493862379522
1243025296997199872
1243029039738224641
1243032899911327750
1243036646104338433
1243040434022232065
1243041968302829568
1243044187945213953
1243048285809651714
1243055477468082176
1243063039810777088
1243071032556208129
1243078177989316609
1243081937520123904
1243085759776788486
1243093223721050113
1243096993444003842
1243100760843436033
1243104561323225088
1243108429968924674
1243112183359307776
1243115944706224129
1243119735023206400
1243123475721736192
1243138844377133056
1243141145959464961
1243143040820228098
1243149845520670720
1243153846270070784
1243153856130842624
1243157446190862336
1243157779365408768
1243161374081142784
1243164991458598913
1243166474245718017
1243168815028097024
1243168898884743170
1243170629970530307
1243172838699384832
1243175326546608133
1243175648442662914
1243175848557121536
1243180432893661184
1243183268821979139
1243183915927560195
1243185489299083264
1243186923591675907
1243187671175958529
1243190763208478720
1243192577429512195
1243194748736847882
1243195285645471745
1243197951071137792
1243198171515441152
1243198947625259008
1243200687476965377
1243200994042941442
1243202696338747392
1243205605839360001
1243205759686631424
1243206559745937409
1243209042933276673
1243210306110861320
1243214021869830145
1243215446196858880
1243216690529341441
1243217037708705792
1243218145294286849
1243221667729506305
1243225347769995265
1243226614357463043
1243229153710821377
1243229939706540036
1243232920359362560
1243235871052247042
1243236676346040324
1243240510388678656
1243244237745000452
1243248074241302536
1243251860749848577
1243253565461794817
1243255534670798849
1243259331824533506
1243261075971280898
1243263189191720963
1243266866782535682
1243270182082162690
1243271109920899073
1243274410192261121
1243276197041262593
1243278177658699782
1243281501871050753
1243282280065441793
1243282844404699136
1243285777359962117
1243289503936270337
1243293330101940227
1243297063716237312
1243301396222488578
1243304606375043077
1243312260715614213
1243319726698311682
1243321497411870721
1243325251829841927
1243327249300021248
1243334819024601097
1243342675677532160
1243349927947898880
1243357552751996929
1243361331232665600
1243365009226268672
1243368791989518336
1243372550605979651
1243376356991401984
1243380204656967682
1243383918662828034
1243387752650952706
1243391471513792513
1243395258001444864
1243402795522252802
1243410374285619200
1243414110508707843
1243417944282918918
1243425406469828611
1243433016808157184
1243436732999258114
1243440502474772480
1243448049541750784
1243455702322028544
1243463222306504704
1243470714709172230
1243478301110386689
1243485806662225921
1243489598224977920
1243493400806072321
1243500900964085761
1243504765390200832
1243508530264621057
1243516099553103872
1243523555402362882
1243527331332927488
1243531190449160192
1243532348060250119
1243535061246500864
1243538776321921028
1243542507021045766
1243542967236821000
1243543713386766341
1243545833733345280
1243546294934802437
1243550075583750144
1243553776361000960
1243557665906753543
1243561385486888961
1243563161006956545
1243565073681068033
1243565169134927874
1243567031410180097
1243568872751497216
1243571909331161089
1243572718836092930
1243574862142111744
1243576466660642816
1243576918940803072
1243578906118152194
1243580232977780736
1243583983507533825
1243584024129359872
1243587730631688194
1243591551319769088
1243595352952975365
1243599096142876672
1243602935671599104
1243608437818363905
1243608659961282561
1243612138079485954
1243614262318247943
1243617921663930368
1243621443679801346
1243623153181626368
1243625569583075334
1243629311262969859
1243644368193572867
1243648354476752896
1243651020451762176
1243651898126880775
1243653024519725057
1243655690318684164
1243657998985240577
1243659521161138176
1243667006525771776
1243674551550173185
1243679887598194688
1243679917650456578
1243682189549568000
1243685142461403137
1243689965713862658
1243697551158710281
1243704837482610688
1243712383048192000
1243719945135013888
1243727872008871938
1243734973452111872
1243742497349787648
1243750362017943553
1243757684622589953
1243765385805139968
1243780380076933120
1243787888233496579
1243795351859060737
1243802895147053057
1243810469011492864
1243818020428013569
1243825554287190016
1243833170304401409
1243840874896928773
1243848248927944704
1243855839842222082
1243863383360901121
1243870937012977664
1243878443156213761
1243885969662672897
1243893529568575490
1243897784123764744
1243901209221701632
1243901603524026369
1243908708008169483
1243913233016205315
1243916144265879554
1243916650925166594
1243920442265608194
1243923785595699202
1243931234960658432
1243938813832986624
1243946356575780866
1243948159883231233
1243953903483392000
1243961531366289408
1243963228788580352
1243964549428137984
1243969014444982274
1243969528603738112
1243976561608589314
1243984320135680001
1243991908382277633
1243999207914160129
1244006743820173314
1244007690298363905
1244011211496325120
1244014299028299778
1244018578296201216
1244021888860524544
1244029537735847938
1244036970092912640
1244044560646496256
1244052111442264064
1244059620869656582
1244067201461649413
1244074708418658304
1244076492444831745
1244082291833479168
1244089789214793728
1244097392292638720
1244104998436384769
1244112432798277633
1244120050438746112
1244127608285077504
1244135138205802496
1244142637302644736
1244150238341971968
1244157815419273216
1244165291694854144
1244172870777032704
1244180417684672512
1244187930874306560
1244195558618738689
1244203092247281664
1244210678598119424
1244218494620704769
1244225751932682240
1244233220075462657
1244240847580921857
1244248408300367875
1244255932005171203
1244263431265533952
1244265193879863296
1244269257204121600
1244270976768061440
1244278628680192000
1244279038597881858
1244281738626576391
1244286116464820225
1244290395376422914
1244293703843414016
1244301193926651908
1244303049977409537
1244309167483031555
1244316284814348289
1244316879541460992
1244323912785309699
1244326906062913539
1244331621848952838
1244339004176240642
1244342310202212354
1244354018131968002
1244361617367879687
1244369157212291072
1244369648021385217
1244376725607329794
1244377517546405890
1244384315624087554
1244391827991642116
1244403311782092800
1244406937724375040
1244414459252215808
1244421973335310339
1244429523514507266
1244437129536647170
1244441083947384833
1244444665698496512
1244447221283729408
1244452201919102977
1244459760801533953
1244463503584432128
1244467365867388929
1244474900485677057
1244482747197947904
1244486142545801217
1244489931180949504
1244493761184444419
1244497541565231105
1244505155795640320
1244512563402100737
1244516343287894019
1244520294905262080
1244527738431647745
1244535228833705986
1244543011024969728
1244550435622576129
1244554096889204736
1244557872501002240
1244565496307109888
1244572976311341056
1244580616328433670
1244588216117858304
1244595647799533569
1244603270221434882
1244604150383599621
1244610738834092038
1244614487891640320
1244618263520333824
1244622049911484416
1244625837384663042
1244629428065484800
1244629586547281920
1244633518363336704
1244637008359718912
1244639023148281860
1244644724243402756
1244648585406418944
1244650485342261250
1244650896576872452
1244652380915974144
1244652993598779392
1244656042283282433
1244659799540879360
1244661575564345344
1244663773627064320
1244667332103794688
1244671175621574659
1244674901551779843
1244681093296484352
1244682447456997386
1244683437761376256
1244686578951360515
1244690055425335296
1244693784597848066
1244697556430589958
1244701320625389568
1244705095402557441
1244709241669201928
1244712732106067969
1244716489363656706
1244720218322198529
1244723963839811586
1244727795982499842
1244731507601702914
1244734534836539398
1244735507952615425
1244736536966574082
1244739573059588097
1244740845250785280
1244741580675780611
1244746658921005056
1244752513276010496
1244754198597718020
1244761743685025799
1244767326039355393
1244769259261169664
1244769855087226886
1244776899295010817
1244784378179354625
1244799509852499970
1244807050921680897
1244814659351429120
1244818397344468993
1244822168682315777
1244825933309186049
1244829748691374081
1244833484042055681
1244837225155776513
1244841031348236288
1244845123873226753
1244848687123177472
1244852395500343299
1244859890205708288
1244863648641814528
1244867468356726784
1244871187177656321
1244875073321918464
1244877306440474626
1244882667063181317
1244890130126639108
1244897686203109378
1244905272889544704
1244912711605125127
1244920292784431107
1244924164777050112
1244927795957989376
1244935361362526209
1244939134831153152
1244943065275600896
1244945622999822337
1244950518012805126
1244958089490714624
1244965561534119936
1244967267458338817
1244969448349601792
1244973125055512580
1244976911450808320
1244980646713462800
1244984424195915776
1244988308960219137
1244992100380311558
1244995750569881606
1244999557085302784
1245003402003824640
1245007176382496769
1245010690202460160
1245010866203963392
1245014636187078658
1245018472716931074
1245022216925908992
1245026049282449408
1245029839142359040
1245030584822517761
1245033497284227078
1245037270517911554
1245040944875024384
1245041072046301185
1245044904205717505
1245046047480655873
1245052453185257472
1245056210107277320
1245059997983178752
1245064532311052288
1245066314546372614
1245067956184326151
1245071265121140736
1245078796102971392
1245082671061127168
1245086370919563265
1245090122145595394
1245093360387403783
1245093895698026496
1245098390402273281
1245101450642030593
1245105370437222402
1245109058186686469
1245116612094672896
1245117044170858496
1245124094162583555
1245125161474498560
1245131655586643971
1245139278696415233
1245142336012791809
1245146868440498181
1245154615387131905
1245161041786310657
1245161944149037056
1245169396663934976
1245173246577737729
1245180807980945409
1245184796185235457
1245188363394715649
1245192116562771973
1245195905742979073
1245199699314905090
1245207196289335296
1245210966645772288
1245211167490007040
1245214780270444556
1245222322027495424
1245233645725548549
1245237428039925760
1245241187663052801
1245248766778753024
1245252648883847168
1245256335786213376
1245260051280953344
1245267909225693184
1245275257369497609
1245282422247153665
1245282659477176320
1245290229885472768
1245297786809171971
1245305308492201984
1245309155851808768
1245312885141770242
1245320457777184770
1245324232235646977
1245327969415028736
1245331779315273728
1245339632079966210
1245343090371690496
1245346869703827456
1245350624373456897
1245354457233326080
1245358139098234880
1245361980086595584
1245362191714398209
1245365167510224898
1245365783309492226
1245369554475286531
1245373231118286848
1245377014229536768
1245380784132947968
1245385037907927040
1245385633784188929
1245387586702622721
1245388355539533826
1245392202018312193
1245396154252214277
1245399745419513857
1245403446636941312
1245407268818038794
1245410992709828610
1245414783844790272
1245418861329027073
1245422383307132930
1245426183522705409
1245429881535705091
1245433730317107203
1245434085310332928
1245437411137654785
1245441230189867008
1245444965670498305
1245448819464114185
1245452513555492866
1245456302328905729
1245460130407297025
1245463926608990208
1245467636969979904
1245471471541137413
1245475209404125190
1245478985557053440
1245480689212030976
1245482788641480707
1245486569835945986
1245488279337738248
1245490252669685762
1245492122939199488
1245494100763254784
1245497902799216646
