1234992095846256640
1234992544863285249
1234992841102749696
1234993538917486592
1234994381767077888
1234995386315571200
1234996312665284608
1234996636050280448
1234999007480406017
1235000402535301120
1235001222291238914
1235001634402586625
1235002495006576642
1235003051435528193
1235003888975175684
1235006327497338882
1235007421174747136
1235008719366303745
1235010089830010889
1235011272523108354
1235011785658421250
1235012454540857351
1235012828249153536
1235013377128267778
1235013696281341953
1235014621905420293
1235014652402323456
1235016913320923136
1235018390550523904
1235019152928182273
1235020710608801792
1235020969506418688
1235021175929139200
1235021905905586179
1235023027282173954
1235023431688531968
1235023639918985216
1235023926780018688
1235024042274336768
1235024686452359171
1235025302784376835
1235025438117728259
1235025512851857411
1235025788862263303
1235026451771961344
1235028553927815168
1235029304527818752
1235030015667929089
1235030768990056449
1235032715524792320
1235033678725730306
1235036287347851264
1235036508819795968
1235037271021113345
1235038390917070848
1235039348472426497
1235039679751155712
1235040626380615682
1235041538670878721
1235041792854114304
1235041794653478920
1235043110880595968
1235043353936433157
1235044576521416704
1235045563789279232
1235046076572299265
1235046170910535680
1235047030113726465
1235048240346611712
1235049089491824641
1235051607127015424
1235051791378595840
1235052599365136384
1235053111015804928
1235053521134854144
1235053775863177217
1235054057078874112
1235055241785200640
1235056606989225984
1235057711622086658
1235059195365347328
1235059500605796353
1235059597313888257
1235059755413950465
1235061282677485571
1235062146012078080
1235065020586659840
1235066298427731968
1235067398903873536
1235068944777527296
1235068982106849281
1235070431440166912
1235070724357816320
1235071483149529088
1235073679182016512
1235075506346889216
1235080294614609921
1235081059030704128
1235083573536817152
1235090358070956032
1235097097847943169
1235103579632893953
1235110579666161664
1235112285799985152
1235117466398969857
1235123925065007105
1235130790612267008
1235137704259653632
1235144312301682689
1235151093904134144
1235157805847502850
1235164409787559936
1235170847662501888
1235173106362220544
1235173656432607232
1235174978414424064
1235177697111937028
1235178692273410052
1235179955497074693
1235180465725804544
1235186257325588482
1235188692358238208
1235190620244905986
1235190781096464384
1235191027373309952
1235192512740036608
1235193540881330177
1235196319540666368
1235197813333651456
1235198591360274432
1235199219532804096
1235199593366933504
1235203097527562244
1235203766950998016
1235204117469024259
1235204945365868544
1235205768116305921
1235206337098846216
1235206634160492546
1235207637630935046
1235209143344123905
1235209897840607232
1235211442292482050
1235211655719587840
1235211922255081472
1235214428595015681
1235217449529806849
1235218763240427520
1235218954685239298
1235219721756332038
1235221233421217792
1235221473184317446
1235221695637618690
1235222009883357200
1235224251101302785
1235228783520755713
1235229281669844992
1235233310592421888
1235234591511896071
1235236217320595457
1235236564923535360
1235237938683879425
1235238079352446982
1235240866857521159
1235242123315859456
1235243872332255232
1235249206555824128
1235251088498012166
1235251925744046081
1235254669414412288
1235257810528743424
1235260153160704001
1235260491263508480
1235261784594026496
1235263011234992129
1235263762694901761
1235266781960376321
1235268532226732032
1235270807263248384
1235271801426661376
1235275897218965511
1235276085723529217
1235276840253763585
1235278719188639747
1235281082364432391
1235282635607375872
1235285684761526274
1235285956049227778
1235288801909583874
1235292662292516864
1235292775077289985
1235296726971535367
1235299870006743040
1235300837464952832
1235304775358517248
1235307544484118528
1235310343192268800
1235310911684046849
1235313010073317378
1235313589688430592
1235316894850322433
1235318390354579462
1235318698023497728
1235319632426303490
1235322387299799043
1235322645891166208
1235324406228013058
1235327778767196171
1235329729001029633
1235331710054797313
1235331794028965889
1235334978667450376
1235335577836441600
1235337735822594050
1235341431453233152
1235344308993224707
1235345759089938432
1235345804715532288
1235345805239889921
1235346563070910465
1235346818000719874
1235352649563885568
1235353865438060545
1235353865526091776
1235359400174465025
1235359636787732480
1235365436839145477
1235365674341601280
1235367568975724555
1235368438593466368
1235370757116645376
1235371712025448448
1235372714870927360
1235373488946524160
1235381442278027266
1235381529733468160
1235382263438872577
1235382298348072960
1235384081371799554
1235387085336571905
1235391348020334592
1235397632291475456
1235397633893699584
1235399701685571584
1235406450438156288
1235409216162148352
1235415510877196288
1235416018668998657
1235417775939543040
1235423809911603200
1235427588241338368
1235429337001648128
1235436450646233094
1235443073351548929
1235449670551420929
1235456516880322560
1235463146942484480
1235469549656563712
1235476625803939841
1235483059870408704
1235489411980279808
1235496332460163072
1235502961335377927
1235509658997207041
1235516763472683008
1235523151917912064
1235526175570694145
1235528812139606017
1235531458330189828
1235536372464635906
1235539496227102720
1235542471272280065
1235545076635492352
1235547126530273282
1235550975718502401
1235551154756636672
1235553164230828032
1235555856936308736
1235558811470979072
1235562481738829825
1235562569127137281
1235563731226148867
1235566592370630663
1235567002632286208
1235567264352608256
1235568018236698624
1235568527769206787
1235568761043914752
1235569767781732352
1235570528141770752
1235570775391735808
1235573761501523971
1235576070516158464
1235577075869892611
1235580325474062336
1235580596912558086
1235580771022315522
1235581865794420736
1235582613374537728
1235583376041472002
1235583864770162689
1235584632747364355
1235584636090228737
1235584873592696832
1235585115721474048
1235585117411840000
1235585885275664384
1235586879161917447
1235591056718249984
1235593924804104192
1235593936707743747
1235594422538170368
1235596125559611394
1235597302569541632
1235597450460741632
1235597452129992704
1235598728880427010
1235598965267001345
1235599224408092674
1235599460211793921
1235600743106842625
1235603333051822082
1235603677567688704
1235604781147750400
1235606519724437505
1235607016388747269
1235607016569294848
1235607780184281088
1235608282103857152
1235611105642373120
1235612812187058176
1235614619726737408
1235616487978799104
1235617832097832961
1235621099754450945
1235621358312226817
1235626592098910208
1235626687469060097
1235628681206222850
1235629776074715136
1235630838517284864
1235632849618944003
1235634879645310977
1235639678092455936
1235641977099739136
1235643498453495815
1235645791219232768
1235646286860337153
1235648031342592005
1235648754201636867
1235654086902583303
1235657169498001410
1235658712376848384
1235659059472355334
1235660983546281987
1235663844325941249
1235666865512493057
1235670899178827781
1235672220044648448
1235672497846136833
1235674472235102213
1235676001583144960
1235677640851406848
1235679244564324355
1235682392448344067
1235684854513242116
1235687056631836678
1235688894248685574
1235689055834107904
1235690304285663232
1235692078019076101
1235696349246414848
1235696766768603137
1235702502462574593
1235702685854130176
1235706165985714179
1235707402655162373
1235709194193510401
1235710250583576581
1235717181444251649
1235719979061911552
1235725799543562240
1235728313600987136
1235735799917928448
1235739238534180871
1235739641413763073
1235741412437696512
1235742661409030145
1235743187303424000
1235743926155218944
1235747687896498176
1235749699459649536
1235749961863761930
1235750215082270720
1235751970155229188
1235759288074809344
1235766627473534976
1235767323702722561
1235773790753370114
1235780541351419910
1235788235252666368
1235789462900269060
1235795951056498688
1235802363685998593
1235803564905201664
1235810523385495552
1235815637970120705
1235822196141907969
1235829276533907457
1235835963986726912
1235838790658215937
1235845737767825409
1235852342144036864
1235856172365668354
1235858924214964224
1235865861929357313
1235872524098867200
1235878889504768002
1235879791536070658
1235885302159421440
1235887117995302914
1235887608963756032
1235888380396920832
1235894828610842629
1235898348248412160
1235900655493173248
1235901123598471168
1235903345057058817
1235905952911626245
1235908643775791104
1235913026018123777
1235916188498235393
1235918076572508161
1235920429635833856
1235921477431508993
1235923389367422976
1235928665927671808
1235930136500940802
1235932158830751744
1235933425133072385
1235935434825511104
1235936008627253248
1235938209839931393
1235943691468054533
1235945755757752320
1235946509797076993
1235947012266299395
1235947754028924928
1235949028044681216
1235949522586677248
1235953813179121668
1235956817848606721
1235957084711276545
1235957826771656706
1235958087242178560
1235961005827637248
1235961342735106054
1235961857766297601
1235964680650264576
1235967612254814215
1235969821176737792
1235973512717905920
1235975691172265985
1235976346108678146
1235976759645962240
1235976949589131264
1235978484557787137
1235978484809428992
1235979113984413696
1235980490089402368
1235982253781643264
1235983002037039104
1235984003733348352
1235984776613396481
1235985017484054529
1235986782136741888
1235986971656323072
1235987765034201088
1235987767013912578
1235987897163091968
1235989543465234437
1235991301725851649
1235991303554465794
1235992054104236035
1235992330244587521
1235994833090736128
1235995836892536834
1235995886699909120
1235998360970108929
1236000862213980160
1236001355640250371
1236003255597051911
1236004269712642049
1236005122326568960
1236006244042903552
1236007153984561153
1236007156174008320
1236008673769648129
1236008920629620737
1236018398137667586
1236020771870437376
1236021243754606593
1236023268412461057
1236023716582223874
1236024007616577536
1236024354246443015
1236031323048939521
1236034767885385729
1236035350667161600
1236036857768685568
1236039360069459968
1236042151315808256
1236042946312536068
1236048693280808963
1236048695268962305
1236049540110790656
1236052032169086976
1236052959236153346
1236054466568368134
1236054673808920576
1236056346811863043
1236058537626918912
1236059802607943680
1236060249880252417
1236060343429926913
1236061034756165634
1236062264786071552
1236063449433755649
1236065793592483850
1236066291498311680
1236068341820907521
1236069812138360832
1236072300656709633
1236072939465949186
1236076036263206914
1236076617153286144
1236076864986386432
1236081394062954497
1236081394083934208
1236081734950756352
1236084579720708097
1236085176964386816
1236085421433552898
1236085421513289729
1236093978795216896
1236095391495606274
1236101549543350278
1236102936352247808
1236107302740123648
1236115181991792640
1236116611976884224
1236123782005370882
1236125425513963520
1236133206614777856
1236133983378976770
1236141638038228993
1236148922474774528
1236155540373467137
1236162789124816896
1236170066544259072
1236176515848601600
1236183750867914753
1236190664049729537
1236245573273112576
1236275939081846785
1236282919896965122
1236289229229117441
1236291154875908097
1236293771169542146
1236293971569250305
1236299341507289089
1236299579643084801
1236304859722387461
1236307362258006019
1236307966502076416
1236314282624679938
1236315497467195392
1236317902174924800
1236318430216806400
1236318736740765696
1236324109199474688
1236325265644666881
1236329716208058369
1236336771924922375
1236343510099468289
1236346780775845889
1236353194093170693
1236353574755598337
1236354541760774150
1236361468834086924
1236367038068731904
1236367592207638532
1236370946619047936
1236376094116327425
1236382870362611712
1236386158134861826
1236389298313854976
1236390429312122881
1236394707909070854
1236398730829594633
1236399312738885632
1236399719544426497
1236402388141031426
1236409096653455360
1236411392544161793
1236411742936236032
1236412453841514496
1236413792474615811
1236414420097667076
1236418359949918209
1236425504904921089
1236426953814683654
1236433888567791617
1236434697909080064
1236440517606617088
1236447462849642496
1236455063700340737
1236458391175905282
1236465656616439809
1236472680741773313
1236479554056851456
1236484374410997760
1236490845991436289
1236498212707602433
1236505471760191489
1236512294177292288
1236519214330056705
1236526439605952512
1236533104506015746
1236535404557471745
1236542557066330116
1236549157348937729
1236555766754168832
1236607982420574209
1236615102918537216
1236622233688322055
1236644367395323905
1236647246525075457
1236661125816745987
1236664807148961792
1236669640409075714
1236676148916031490
1236683318319550470
1236690315786039297
1236693733762097152
1236695569344671744
1236702130687410176
1236706176521441280
1236709370647494656
1236711527987793920
1236718284386549761
1236720057029451783
1236727158581735425
1236732527206977542
1236735197183434755
1236742674473816065
1236748905670488064
1236755289258500097
1236757804695859202
1236764571140067333
1236771180792643587
1236778665712680962
1236780354935152646
1236787303844122626
1236794457254756354
1236800452869656576
1236805153480720386
1236811659890524160
1236815736418570241
1236817721381269504
1236825096486035459
1236826011444097024
1236828584679014402
1236835010197573634
1236839725681520642
1236846593032273920
1236850137340743680
1236857462948614144
1236864443776188417
1236870777988943874
1236877526091341824
1236884181625511936
1236890615188783105
1236897509626261504
1236901121135960067
1236907444342796288
1236914116557713408
1236920426275766273
1236920681947967489
1236934309287731200
1236939823908368385
1236942321796685824
1236942573790527493
1236944081550442496
1236948617879080960
1236948873928757248
1236955713429274624
1236962172628058113
1236968702991577088
1236971015554695168
1236974773177106432
1236980578832068609
1236983092650356737
1236989604399583233
1236991894208557056
1236995812766486534
1236998187799457792
1236998928555544579
1237000953490034688
1237001452045979650
1237002358888042500
1237002997605031936
1237003477680885760
1237004222975148032
1237004471449853952
1237005225434677248
1237006243333656576
1237008243261616129
1237008299393941504
1237008509537042432
1237010516687626240
1237010518541508609
1237011265127624706
1237012679883096065
1237012788649889792
1237015359456239616
1237016319830249472
1237017559817498625
1237018066007003137
1237018174673084417
1237018321872130051
1237018839055040518
1237022344364900352
1237023094486810630
1237025136672485378
1237025618233036801
1237025874060419074
1237026131989139459
1237026269667233799
1237026371370704897
1237028221696315394
1237028467579006976
1237028633748832257
1237028634289897472
1237028888246661120
1237029588913569794
1237031923383504898
1237032408177934337
1237032663095152641
1237033638145019912
1237033676250189827
1237034174273531904
1237034943831838721
1237035696038326272
1237035925126950915
1237036702411231234
1237038192144064515
1237038329016827906
1237038929603366913
1237039219220131841
1237041475667492864
1237042002325356545
1237042723498180608
1237042987240173569
1237043235643699200
1237043713857249280
1237046005012578304
1237049028543733760
1237049532313206784
1237052582209753089
1237055159609577472
1237057486479294466
1237059334628139008
1237061103143849987
1237063244344438785
1237066184459259907
1237066890440314881
1237068454273921026
1237070144347742208
1237074176160280576
1237074447418490881
1237077421654003713
1237078724463525888
1237081228546920449
1237082237100793858
1237085268894769154
1237089539291742209
1237092557949153281
1237092559459102721
1237093060821090305
1237096116077973505
1237097040724799498
1237099115428839424
1237102140725833728
1237105137849688068
1237106636281561096
1237108787569360897
1237112090311131136
1237115904808361984
1237116204105547776
1237117967864913920
1237118235478286338
1237121432397795333
1237124764663250951
1237128510952652801
1237131956321738752
1237139462867562497
1237145917452681219
1237146318365220865
1237149684239601664
1237154393105018880
1237154491276935168
1237157222003728384
1237160104253931520
1237164775915864065
1237166798052696064
1237171314781282304
1237171802247516165
1237173339166322688
1237180962733162498
1237182880993992704
1237182905941725184
1237186174692753409
1237187433592229888
1237191715972419584
1237199767828148229
1237207357748363264
1237214492238516225
1237222603317751814
1237229729838772224
1237237553234882562
1237244631630385152
1237251865840168961
1237259651739193345
1237266805623861248
1237273879648894976
1237281477865410561
1237288800189067265
1237296614273880064
1237303705927548934
1237310919576821760
1237325440240496640
1237328575193395206
1237331184813817856
1237333886432161792
1237336542017880074
1237338865033261057
1237341655264567296
1237344777047334918
1237347517622300672
1237349807146127360
1237349947244150785
1237352545783349248
1237354855183912960
1237355628684808192
1237362860629594112
1237362862022066176
1237362864261926912
1237363379725119488
1237365661963345920
1237370497849012224
1237370527431491584
1237371644294856705
1237374910001025026
1237375422922469380
1237376685361807361
1237379629968699392
1237382714694742017
1237384477179068416
1237385765748948992
1237386688718155776
1237387256115138565
1237389271314632704
1237389771996987400
1237391529502576647
1237392536064253954
1237392536211050496
1237393307879100419
1237393549525520385
1237393795404070912
1237397054487515137
1237398106314018819
1237404368426631169
1237406549343166466
1237406761675567112
1237406992030937088
1237407131692924928
1237407293995696133
1237408645543014401
1237409789048754177
1237411674333876229
1237413036979376131
1237413182756528139
1237413422364491776
1237414975490207745
1237415258446270469
1237416598362783744
1237417450997788672
1237417925910372354
1237417961746583552
1237418358754205701
1237419964623212546
1237420217577463808
1237421980363755521
1237423737697456135
1237424058460971012
1237425001093103623
1237425116981661703
1237425497308639236
1237427757384073217
1237427836870447105
1237428035164438528
1237433324269903872
1237433971841122307
1237434054305349639
1237435082648031240
1237438361289326595
1237439276792647685
1237439592036478977
1237439769443008514
1237443045932642304
1237446515133734914
1237446842511736833
1237451430425956353
1237454444004093955
1237457468315361280
1237461782400315393
1237463155191750656
1237466652301832194
1237470345013141504
1237471540385591296
1237474590735163393
1237478095914967041
1237480307911204864
1237481730099077121
1237485569158139907
1237489536646733825
1237492078415921153
1237492200143020032
1237495903096897543
1237499224385900544
1237499987019341824
1237503440814661634
1237504024397492225
1237506176264232960
1237507382764322816
1237508069287845889
1237508805094563840
1237510304243671040
1237511317449084928
1237514413026037760
1237516212696788992
1237517447957110784
1237517865168842754
1237521257404325889
1237521645071409154
1237521945748312064
1237523151891750912
1237524935481774080
1237525790943629313
1237526549319970816
1237528193944305664
1237529322308505600
1237530356867203073
1237530906149023751
1237531411415838722
1237531925436174337
1237532472079863809
1237532962477862912
1237534739906453504
1237534809724878848
1237537983844077569
1237538313247969280
1237538508757073922
1237539116348104704
1237539474000580608
1237539746844270592
1237540521536454657
1237543622754439169
1237544236456673281
1237547310541750272
1237547504402460672
1237547720518193152
1237549288508370944
1237551574911569921
1237552103825895425
1237554357597384704
1237555883732697089
1237556110845865989
1237556189040226304
1237556459736449025
1237557380675588096
1237558393566400513
1237564317047771137
1237566087933247488
1237566421392969728
1237566631380840448
1237566705049546752
1237567312430940160
1237569682309144576
1237571453278547969
1237572111373230080
1237572363111161864
1237572637741608960
1237576362635882496
1237576747375157248
1237578660627922945
1237579587304882176
1237582166285889539
1237583092656697344
1237583785094287369
1237584674546806786
1237589245352525826
1237590547461632000
1237591836018880513
1237593153625980928
1237593236538970112
1237598866620338177
1237605822617645056
1237612462339391488
1237614247397318657
1237621098486943744
1237627394749587456
1237634007589888000
1237640782787551234
1237647119013511169
1237653474550198272
1237660672286232576
1237687381886722049
1237694205767684096
1237700677247393794
1237706656449953793
1237709634753957889
1237712592275230720
1237715077073113088
1237717580787453963
1237720093108441089
1237722454690332673
1237725648023695367
1237728692480196608
1237731460469194753
1237731819954601984
1237732940693540864
1237734038145826817
1237736463615299584
1237740541015740416
1237743215245168648
1237746030256537602
1237748738766131202
1237751138490990593
1237751416971825155
1237755662362390530
1237756629124341761
1237758270057611265
1237759703771484161
1237762919095468032
1237765517391400962
1237769025943412737
1237771937918717952
1237772552266747904
1237772552518258688
1237772779346374656
1237774055324991499
1237775058753523716
1237776825687912448
1237777046425796608
1237777643690430477
1237778329899618304
1237779832852959234
1237779994924986368
1237780350459416576
1237781342840111104
1237781776321429505
1237781864728997889
1237783367074136066
1237784132018634753
1237784133876830213
1237786393574866945
1237786410830233605
1237789013865529345
1237789409208086530
1237789636153561090
1237792474933886978
1237793580967768064
1237793925424873472
1237795452570959872
1237795696742449155
1237799345002553344
1237800302352482304
1237800728388919297
1237801214940766209
1237801971328876544
1237802714471575553
1237803530121023488
1237804758976679937
1237804985527787520
1237806277268471808
1237807071254515712
1237807501002690561
1237807607433306113
1237809542391640066
1237811127503007746
1237813984809701376
1237816129684463617
1237818940597903361
1237819165647536130
1237819343242760198
1237820096669720577
1237821091680313344
1237825842614538241
1237830970746843137
1237831775063289858
1237833247628898308
1237833734906359809
1237833941102583809
1237836952721907713
1237836969914388480
1237837729611894785
1237837927448825857
1237838976993673217
1237839077162000385
1237839486924386304
1237839866391433216
1237840862026981377
1237841381718020096
1237842495117000705
1237842760486420480
1237843011083460614
1237843144282001408
1237845007337316352
1237846829858828288
1237849555112062977
1237849564243083268
1237850803819270147
1237851814751436802
1237852176380125188
1237852650906902528
1237854118602915845
1237856709189595136
1237857494350745603
1237857597840998401
1237857851789291521
1237859299411492864
1237860468691095553
1237863518453395457
1237866657545981953
1237867535292182528
1237868924361818112
1237869232295038977
1237869958094180353
1237871014891024384
1237877406750236673
1237877564342845441
1237877983869718530
1237881140121415680
1237883260278956042
1237889871328333828
1237890352343740419
1237891819272155137
1237892081483313154
1237895798005747713
1237896858510360576
1237897129756147712
1237897869442420738
1237898486856597504
1237902138010992641
1237906527748489218
1237907442270380032
1237907925584285697
1237908391810473987
1237908475767914498
1237909772646711297
1237912458662215682
1237913184595578880
1237913476745527296
1237918081055416321
1237919629412106252
1237921381054119937
1237923032519360513
1237925034888437762
1237925309955047425
1237930321552838657
1237930823443234816
1237933344517754881
1237935864552067072
1237936872057442304
1237939151229632513
1237939628839141376
1237941408721502212
1237943413053538304
1237948447891865602
1237955469580402688
1237955742105251840
1237958521897058304
1237960279734001664
1237962279968219136
1237963793268797440
1237964050346258432
1237970768820162560
1237977247052697601
1237983739797520384
1237990470829182976
1237996849954512896
1238045267011698688
1238051570446712832
1238056536443883520
1238059041554870272
1238061843832352768
1238065015841841152
1238067436697595904
1238069884740866048
1238072844476723200
1238075538712993792
1238077824608632832
1238079210847113218
1238081738557063169
1238087650827010050
1238090155715629063
1238092138929442816
1238093151782477831
1238093318321508354
1238094161842233344
1238094414066733057
1238095393310810117
1238096662574268416
1238097185411141635
1238097240079708161
1238099952703655942
1238099954104774657
1238100158363111424
1238101039330603008
1238104238812774400
1238106247221706756
1238106431531999232
1238108693528535043
1238110014130315268
1238110091175493634
1238111028430475267
1238113800722755586
1238114184484831233
1238114930689220608
1238116566954397696
1238117280950685706
1238117982049644544
1238118595865042945
1238120871560122371
1238121515985633280
1238121704691503105
1238122290954543107
1238123855899774976
1238124870988378113
1238125331686526981
1238126610584387586
1238128052091092992
1238128679768686592
1238129383967252480
1238130625749626881
1238131200096702465
1238131758798983172
1238132908969414656
1238133940004814850
1238134690474844162
1238137111338979330
1238137493683417088
1238137695039340544
1238138441583321090
1238139853965066241
1238142480241119232
1238142873184411650
1238144980876693505
1238147999513153537
1238149527435182081
1238149769027104768
1238152274498764803
1238153555325923334
1238154315497451520
1238156562360864775
1238158756380381184
1238158820313989120
1238159068260376581
1238159579323805699
1238160591287705611
1238161609371062273
1238163622817300480
1238164614950641668
1238164867921653767
1238165353118777344
1238167768521998338
1238168504534290432
1238176455399550978
1238179093503451138
1238181945458245632
1238182995967737861
1238184327734800384
1238184512053485569
1238186260327530498
1238188772887613440
1238190549443674113
1238191255491940357
1238191444898328576
1238191734913486854
1238192550311268353
1238194055122751488
1238194716157624322
1238194906746753024
1238195568549203978
1238195839195066369
1238196532840726530
1238198095009193984
1238199158990934016
1238200097432834053
1238201093517164556
1238201773850087424
1238202226348359681
1238202844412510209
1238206641142710299
1238208586213478402
1238210870569775112
1238211424368955392
1238212442485858310
1238215580366274561
1238218730645192706
1238218993229594627
1238221131024392197
1238221754214100992
1238224735026241537
1238225270424973312
1238227039372615680
1238228303116451847
1238228423220355079
1238230550378418176
1238232320735354881
1238236774188625924
1238237351077388289
1238237603184418818
1238239571294511110
1238240105594261505
1238240629676740608
1238241123899973632
1238241377424674818
1238244153538097152
1238244388234461185
1238245916118786049
1238246156062339074
1238246905278316548
1238251185129377793
1238251420614307841
1238251698608656385
1238253962798739456
1238254041232216064
1238254976608210950
1238255977000054784
1238255978778427398
1238256225684459527
1238256714396454912
1238257725529886721
1238258237482373121
1238264031179411457
1238266034307633153
1238268302755053569
1238268374855168000
1238268573837144065
1238269559452418049
1238270060562657281
1238270547198464001
1238272346206679041
1238272573047267330
1238273842251956224
1238276130030968833
1238277108226547713
1238283755460100097
1238284664248373249
1238285403960086529
1238290689584177154
1238295982821048320
1238296496589754369
1238296750332485634
1238304257432064001
1238304567055601664
1238311791228325888
1238319136805203968
1238325468476178432
1238332352679608321
1238339319695388673
1238345947861716992
1238352955738374145
1238359770354135040
1238366192320090113
1238373014783344640
1238380116431994880
1238386759744004096
1238393865738031104
1238400700545224704
1238407135253467136
1238411859050532864
1238418301816094732
1238423081259085830
1238425538307506184
1238428264735166466
1238429740760993793
1238432304319660032
1238435125358190592
1238437555902742529
1238440522898968577
1238443461008855040
1238446595882000384
1238447482612453376
1238449742381756422
1238452485385342977
1238454928940687360
1238457432596242434
1238457801200017409
1238460491871199234
1238462831999299586
1238465758784610306
1238468522205995009
1238469369346301953
1238470424977170433
1238471137262292992
1238471883894505474
1238474148722114560
1238474413437263874
1238475430597926917
1238476924353159169
1238478197718683648
1238478240378953729
1238480701885997056
1238482208031211520
1238483480587239424
1238485487893057541
1238485742567010309
1238487503440695303
1238489775025373187
1238490527642931201
1238492789249323008
1238494289811976192
1238496574583554051
1238499643362873344
1238501019723730944
1238501243108106245
1238501949672169475
1238504397371576324
1238506828360814593
1238508481365319688
1238510164426330112
1238510658439839748
1238511648530366467
1238512299532574721
1238514267747475457
1238516700997455873
1238519076307251202
1238520966038335488
1238521483619700741
1238521978128142339
1238524109992140800
1238527531189403650
1238529039184338944
1238531027838083072
1238531097220308992
1238531422878662658
1238531904082714627
1238532955494023170
1238533755649888264
1238534050991742979
1238539351048564739
1238539604292243456
1238539837340254208
1238540095592030215
1238543124064022533
1238545872360783875
1238547640096358403
1238548240594800640
1238550668660572164
1238550799950569472
1238551890658578432
1238552219659755520
1238553098202816513
1238553395193163781
1238555992188739591
1238556208946196481
1238558976356294659
1238559100797149185
1238559239712509955
1238559476476755970
1238561741744885762
1238563239195299846
1238563525066358786
1238567955811762176
1238569546505740288
1238570210770255873
1238571101069983750
1238571349485944838
1238572321599819783
1238574889587671043
1238575079392456704
1238575158799020034
1238575731984289794
1238576092547555328
1238576742069084161
1238578306393485317
1238578341613010944
1238582223764434944
1238582435274797056
1238583886973632517
1238584894286114816
1238587226126254082
1238589197533024256
1238590088747061250
1238590675731582976
1238591962338508802
1238592690696134656
1238593765637578752
1238595089133379584
1238599998121574404
1238600485831159809
1238604266820055041
1238604456343863297
1238604831109066754
1238607040420950017
1238609554209996800
1238611975430701061
1238614266195910656
1238614338279276545
1238616095902388224
1238621121924268034
1238621537835589634
1238624410044633089
1238630430124974082
1238630685193142273
1238631453166047232
1238639095129214976
1238642272025096200
1238649063576305670
1238651816130367488
1238658881414455296
1238659890949783553
1238661641220304896
1238662657592434694
1238663904353554433
1238666926362066945
1238669954062471169
1238669954788065283
1238676952074145792
1238683268150681600
1238684051759943680
1238688569004363776
1238690567401414656
1238695680799059968
1238698124400644096
1238704571612094465
1238711726775898113
1238718316052729856
1238724929945772033
1238732038800318464
1238738706024054787
1238746168642895872
1238767086182244353
1238774422959534081
1238782030244122624
1238815552702906369
1238821954502774784
1238828536103927809
1238834535460110344
1238839045117091840
1238846307697033219
1238850366336311299
1238857536624877568
1238859442935996417
1238860960598765568
1238863225355145219
1238863248004448258
1238864231073820678
1238864981409640448
1238865987081994243
1238866364921720832
1238866413177262080
1238871336073801729
1238871788395913218
1238878340410376194
1238879082328346631
1238880349360357376
1238887103737593857
1238893683921113094
1238895188938035201
1238895944252428291
1238901470533206017
1238901979516149761
1238903759494938626
1238904648955768833
1238907011548446720
1238910025105629184
1238910547371966465
1238910786942185473
1238913048158572544
1238913048288649217
1238919591927185408
1238923381132713986
1238923446865854465
1238923868649259009
1238926142112968705
1238929175043596293
1238932418452692992
1238939994343059457
1238943187034505216
1238946532705144834
1238952059950567425
1238959028874686465
1238964185943486468
1238964890288750592
1238965889187360768
1238967915589898242
1238973858088091653
1238975149388464129
1238982049329020930
1238988675247149056
1238994935778508803
1239001385187840000
1239008622639808513
1239015893683888128
1239022683993538568
1239030178405388289
1239037535243960320
1239039365801742337
1239046371719741442
1239050897524654081
1239057626618527744
1239064670591488001
1239071237349007360
1239077752411652096
1239084660581453824
1239091307244552193
1239097738593263620
1239104586771836928
1239111048386547712
1239117455370395649
1239124253657780230
1239130666937331713
1239137399977934849
1239144169777565696
1239150591227682817
1239157096400269313
1239163536615628800
1239163773753139200
1239170098012848129
1239176568666230784
1239180638416179201
1239182829394825216
1239185334530867204
1239185668515004417
1239189114395688964
1239196081327570947
1239202384439652354
1239203157730828295
1239203803318149120
1239206974723588096
1239212697046179841
1239213896365412352
1239218066279608320
1239219069431226369
1239222850990542848
1239226026510684163
1239232518064418820
1239233514958192642
1239238454170603525
1239244699254341634
1239245262478082051
1239246875452203008
1239248202886524930
1239248269651382274
1239248402094964737
1239249941198929920
1239250038431375364
1239251515740549120
1239253055528488960
1239259510625140736
1239266174543843330
1239267893616967681
1239268064807526407
1239272409041076225
1239273421403492353
1239273840989089794
1239276717925171201
1239281476623089665
1239282977571569664
1239286525738856451
1239289946059542528
1239292503360188417
1239293822603051009
1239295444016128000
1239296575794446336
1239297981523931138
1239299826317221889
1239300442326261760
1239301117714018308
1239302059612164098
1239302130814631944
1239304224002973701
1239307611738181632
1239308430831235073
1239309173340483590
1239309677755879429
1239311857527271424
1239312372558422018
1239313844968853505
1239314901925072897
1239315051321921537
1239316216520544256
1239322244687462401
1239326774070255617
1239328288046227460
1239336669792423937
1239339616957841411
1239340795657965570
1239342132252545025
1239344258664013826
1239348430201389062
1239348679066226689
1239349942109515776
1239354953992417286
1239357555622776832
1239360614230786053
1239366293108797446
1239373491805315073
1239374099417378818
1239380387870265344
1239387852770869248
1239395234498387968
1239401784956923904
1239408474053914630
1239415142439321600
1239421641337245696
1239424786469715968
1239431402850041857
1239437762950029312
1239444419847299072
1239448574196363264
1239451360107606016
1239455620568408065
1239456877181833216
1239457135219613696
1239460421838557185
1239466199940861952
1239466706151641088
1239469465336717313
1239470486490415105
1239471988915257344
1239475007455182849
1239480784735670272
1239482803206729728
1239489183724507136
1239491508853772289
1239492368820297728
1239494649179516928
1239496661468135424
1239498911636754434
1239501217270771712
1239506740800036864
1239507723215163393
1239508228658135040
1239510649526538243
1239513045233172481
1239516782593015809
1239521057595367424
1239521311120076801
1239521565290704897
1239522311734276097
1239522566307483650
1239522820704649216
1239523335257632768
1239524080518336512
1239525346027986944
1239528093884264448
1239530630737727488
1239535153623564288
1239535899966353408
1239537919427334145
1239538687509176320
1239538931504418816
1239539171401793536
1239539678317096962
1239541181169700864
1239542448696766464
1239544597216452608
1239544724786221057
1239544724861657094
1239544954139049984
1239545154991685635
1239547664670261249
1239550453224026113
1239551516194848770
1239553586696241152
1239553993816395777
1239556538274021376
1239556551951728641
1239556803907719168
1239557534358425600
1239558241211813891
1239558743311945728
1239559328459378690
1239560330025590785
1239560892288847880
1239561337484836864
1239561608541736970
1239563178306134016
1239563987769069571
1239567397306204160
1239568084463214593
1239569697814843392
1239572789511798787
1239573162775502850
1239573654050156544
1239573709582630914
1239574544769339398
1239575438827180039
1239577190158778370
1239580239988232192
1239582527012188164
1239583166110806016
1239583489009299456
1239584226107940864
1239585240911413248
1239590525466001411
1239591518551388163
1239592040498966531
1239593026336555013
1239596043270053888
1239597618726141952
1239600541598208002
1239601995419435008
1239603347289772033
1239604423401316357
1239606130025943040
1239606816797077505
1239606833104420867
1239608410838044673
1239608898425966592
1239609609033265152
1239609652129775616
1239610147963654144
1239611565768347649
1239611890352914433
1239613671870996481
1239614953029545985
1239616146166493185
1239616369739644934
1239618536408068098
1239619440221638656
1239619704785960960
1239619961464766464
1239620473991897091
1239621210675314691
1239621230547869697
1239621981974167552
1239621996201287681
1239623236230483969
1239623994288091142
1239625690200276992
1239626827024543747
1239629028006465537
1239631541103407106
1239632749134315522
1239633799488684034
1239634054263255041
1239634135074947076
1239634312976379905
1239634511270469644
1239635002922541062
1239635857834999809
1239636086260973569
1239636326519103489
1239636404222689281
1239637646487453696
1239637765416984577
1239641087825924099
1239641351614017536
1239641671941447681
1239642170421915650
1239642630788657156
1239643111040712704
1239643300035997696
1239643320810385408
1239645523897917441
1239645697995149319
1239645879251996672
1239646941170085889
1239647391474749445
1239649864163737608
1239650094959472642
1239650182020714498
1239650555586326534
1239650927931527168
1239651935638208513
1239652527295127568
1239653193631633415
1239653413090136069
1239655710469885952
1239657733118472194
1239660064123891713
1239663155468533761
1239666146418274307
1239666764167946241
1239669697479610372
1239673311489073154
1239673827816325120
1239675324125904897
1239676606538489862
1239676834960244738
1239680407718723585
1239683894108176384
1239685393429258240
1239688656656445447
1239697103099703296
1239702237481521152
1239702499017330689
1239704019406401537
1239704529219866626
1239707045353357313
1239712813188354049
1239714595939516418
1239714832380768258
1239715081690198016
1239718867825496065
1239721895114739712
1239722398456467457
1239722629659058182
1239724405472796672
1239724407226073090
1239726410564014080
1239734704385003520
1239737476828344321
1239737735222571011
1239739995646300161
1239744013122465794
1239746797892927488
1239754829326671873
1239762361415860226
1239767445155524611
1239770708965761024
1239778486409027585
1239785859697737735
1239792985983848448
1239800600080064513
1239807790413230080
1239815121377144833
1239822625800683520
1239829723594850306
1239836998548029440
1239844739714777088
1239852066782224386
1239859373599588352
1239866508190396416
1239868875254177792
1239871304016297984
1239874216394194944
1239877012254273542
1239879833116725249
1239882234313740288
1239884298758619136
1239884483341451271
1239887193579106305
1239890108490436608
1239890738428731393
1239891581433503744
1239893934261678087
1239895766832951298
1239897801162702848
1239899008098865155
1239900724777103360
1239903156995227649
1239905843614711808
1239907357620088834
1239907490902323200
1239909590931775489
1239909727007576064
1239911997371830276
1239914739548946442
1239917115420946432
1239918700406411264
1239918927544758273
1239920440744820738
1239921443284094976
1239921443544195072
1239921941827530753
1239922460088246273
1239922460188966912
1239922947021778944
1239926489677795332
1239929787428286464
1239930712712712193
1239933034973061120
1239933069043347458
1239933521545887745
1239934675273080834
1239935658665312258
1239936811658629120
1239937056555630593
1239937056643715074
1239937305521111041
1239938049368379404
1239942090068496394
1239942513449996289
1239944358054543360
1239946272704008194
1239947393115869188
1239947658699190275
1239948116712882176
1239948636324315137
1239949875481018369
1239950132336103427
1239951424915673089
1239952165780754433
1239952397809696769
1239952657953042433
1239952907019210752
1239954098713231361
1239955295239114753
1239957178716434434
1239957447005134848
1239957944432803841
1239959960555061248
1239960951568453633
1239962349919817728
1239963796006793223
1239965840209924097
1239968506726080513
1239969008742367238
1239969375483875332
1239970219952488451
1239970952940679173
1239971298094137347
1239974945624428544
1239975193537318912
1239977854974205952
1239978600029454342
1239980605267419141
1239982262348853248
1239983265001476098
1239985817617080321
1239986161554202626
1239986593827639298
1239987508391411712
1239990054728142848
1239993033535430657
1239995553116819459
1239996809260515332
1239998200477614085
1240000460855132160
1240000462826491905
1240004488573980672
1240005967498170368
1240007263240237057
1240007526688731136
1240008248243208193
1240008857507823621
1240010286561722368
1240011037732151303
1240011039430840320
1240012294597365763
1240015277070393344
1240015818785775618
1240020438853566468
1240021100928606208
1240022371853099008
1240023626944057344
1240026599816343556
1240032692323966979
1240032692714049542
1240035500381163520
1240037961800048642
1240038945125216258
1240039625533595648
1240041262704668677
1240041743409692673
1240041839589294080
1240042246256410628
1240043346615242753
1240044590058569729
1240045842561720320
1240048289866813442
1240049040726855680
1240049555288317955
1240050636063940608
1240051854802812928
1240054810306478080
1240054920906182656
1240055216663379970
1240055393730146305
1240055785192853506
1240057902049738755
1240058361628037126
1240060625629384706
1240060898296975365
1240061734985105416
1240061953625796608
1240062880130752523
1240064884328615937
1240065181847359488
1240065701416775687
1240066469653884935
1240068668983316488
1240069428391350272
1240071291857784833
1240072696777621504
1240073183446929408
1240073960710168580
1240074965791244295
1240075215767568384
1240078462074978311
1240079475519426560
1240080383263354880
1240083087012306944
1240086015404052480
1240086297320067072
1240087386379505664
1240088795850178567
1240089956548325376
1240090754426580993
1240090973780181001
1240092635592888328
1240097709043965952
1240098376982630400
1240098871075880960
1240101015363432449
1240101636917342208
1240104407016058885
1240104737867005954
1240110344699351045
1240114307536424965
1240116478575357953
1240116484631924747
1240116893673021447
1240118742899666947
1240118744623562752
1240119491541024769
1240119998464614400
1240120243416182788
1240120782036054018
1240122097965453312
1240127267608711168
1240131248544256000
1240134652414869506
1240141369395548167
1240148300990472192
1240152728225157120
1240159403401191429
1240166381213102080
1240172834237960192
1240179518263963648
1240186237069283328
1240192610565787648
1240199307258671105
1240206094934380544
1240212515751112707
1240219193141846018
1240225897355100162
1240232258298052610
1240232747907657729
1240234026356609026
1240240178821836801
1240242271313965057
1240246940144734211
1240248635042009089
1240250237329047552
1240250301317292032
1240251952895873024
1240254047862558720
1240257271353016320
1240261684708728832
1240261715113148416
1240263160965353476
1240265088789106689
1240266522066632704
1240269788255072258
1240272508479291392
1240272762083708930
1240274921244286979
1240275547370008576
1240275621521043456
1240276292387442688
1240278042808930304
1240279530021011458
1240281685339574274
1240283224766582787
1240284723643105282
1240286865175056385
1240292319867342849
1240292654417666050
1240293158367395843
1240294437651206145
1240296032002588672
1240296506713722881
1240304225332211721
1240307411522670593
1240309679500267520
1240310357463310337
1240311472644898817
1240311769794514953
1240312618331648000
1240312966240706565
1240316393834364928
1240318157585350658
1240318853814669312
1240322244590686214
1240322510006124549
1240322600280231937
1240323855467655179
1240325045081210887
1240327384232058882
1240330220344877059
1240333657560231938
1240336682068705283
1240336861744304128
1240336991436365825
1240338016276819975
1240338746001809410
1240340057061568518
1240340441373032448
1240342104074792962
1240342105911889920
1240342536004276224
1240346247380295681
1240346249754271744
1240349520770318338
1240350023487012865
1240352157771214850
1240353673051602945
1240354287525548032
1240355305046884353
1240355482960879616
1240355808606670850
1240356327244861441
1240357829359423490
1240359265048682500
1240363192276131845
1240363570304614411
1240363621940711424
1240367129494421510
1240367884062339073
1240367884364402689
1240368636755402753
1240369166122614797
1240369776234504193
1240371553164054532
1240371908572479492
1240372175053434880
1240374879666479111
1240375428885422088
1240375689376866309
1240376202008973313
1240377467132657664
1240378211185369089
1240380407130075144
1240381250260676610
1240381487029129217
1240382748830949376
1240383166394875921
1240384009236107267
1240384740500389891
1240384996738838530
1240385279300644866
1240386268451745793
1240386372327936006
1240388023705047044
1240388287606525952
1240388367491174407
1240390622470602753
1240391545259544578
1240397580565127170
1240397780583165952
1240397841635446784
1240399497030709249
1240401610628612096
1240402356057133057
1240403378536054785
1240409743514099718
1240411156935847936
1240412777954586626
1240413083115364354
1240414240047075331
1240414667568185344
1240415732594343938
1240417357258018817
1240418228272345088
1240420580899291139
1240421349396557832
1240421916927840262
1240423262963851267
1240424252584726529
1240424511318654977
1240425525027487744
1240427799669809159
1240427801255297025
1240430801264803845
1240430831103021057
1240431684350291968
1240431953389793286
1240437991958622208
1240438363670315009
1240439269984014339
1240440112267304967
1240440864800989193
1240441383481159681
1240442126414028800
1240442649208856576
1240443221785919488
1240443525851987968
1240444141487755265
1240445435795451906
1240447415729127424
1240451693508038656
1240452596038610944
1240456478286381056
1240456723305050113
1240457485875662852
1240457485980504064
1240458574003933184
1240458710721400833
1240465106426880000
1240466804037861378
1240468051549663232
1240468303774191616
1240470073162305537
1240472823900123136
1240475098471071745
1240476868400250886
1240479119822987265
1240481902156484608
1240488337812664321
1240491447188676609
1240498479073550336
1240501510427082753
1240506058164011009
1240512598803693569
1240515864455196678
1240517365034635264
1240520895015407616
1240540549737742336
1240547053492678656
1240553648612085765
1240560649656295424
1240567292687257601
1240573813986856960
1240585885416067072
1240592613004247041
1240593888475308032
1240599025025519621
1240600600271822848
1240603063838179328
1240605177469689862
1240609173202755585
1240610563111161858
1240611918647345153
1240613274573516800
1240615039528304640
1240617768338194433
1240624301587468288
1240624677644533761
1240626852735135746
1240627170701172737
1240627365757300737
1240628240106115074
1240630410490580994
1240631882171244544
1240632118578950145
1240632393184272385
1240635328668536835
1240637347793973258
1240638086696046593
1240639643953049600
1240640630839263233
1240640927854723073
1240642778180313093
1240644231150133248
1240646171707740160
1240647888524529665
1240647982913028096
1240648494676881409
1240650009290440704
1240650995455098881
1240651252637237256
1240651696323387392
1240652026494713856
1240653329992220672
1240653777293713408
1240655932041973761
1240657194993008648
1240658716002844675
1240660279781982208
1240660968608333824
1240662592743518208
1240666866458165251
1240667118451994625
1240669775493304321
1240670510675099648
1240671100973039621
1240672401018552321
1240673537377153032
1240673894949888000
1240675319465598977
1240675342379081730
1240676504197042176
1240677760865054720
1240678538350678016
1240679676642643969
1240685107658264582
1240685222334734336
1240687126926069761
1240689700169371648
1240690487847079936
1240690706378657793
1240691495989993472
1240695163225178112
1240699668092186626
1240701024609787904
1240703092535910400
1240705363512643584
1240705990971895810
1240707387469643777
1240714153557479426
1240715319234224128
1240716698707038209
1240718034492416001
1240720722709921792
1240722001419014144
1240729178430939136
1240730310746279937
1240730934065979392
1240731670954815495
1240733480637603841
1240734882663403520
1240736406080753669
1240737197957005315
1240737318140608512
1240740233064394773
1240741339328851985
1240742890915201024
1240743627489447938
1240744624748142600
1240744894865518607
1240744945021005841
1240746347365613570
1240747143540944897
1240748148953415681
1240751287836323840
1240753948815962112
1240753953530433546
1240754914097233921
1240755647370625029
1240755953303257090
1240756977870962688
1240757648376713217
1240758207397625857
1240759468008374277
1240760553259368455
1240760813801144321
1240761681552310272
1240762241835831299
1240763895087759361
1240764725778092040
1240765113860268032
1240767399663669248
1240768020844294144
1240768841069838336
1240769578193608704
1240774326741348352
1240774608896352258
1240775627076182017
1240775908006309888
1240776583453048833
1240776977365303296
1240778097751920640
1240779106742124544
1240780193196838912
1240783289536917505
1240783798524162048
1240784645421228033
1240789178016825344
1240791445411422208
1240792943360905216
1240794961777434624
1240795454222237698
1240795578390454272
1240795966153916416
1240795968091705344
1240795968116854784
1240799761101438976
1240800250778050565
1240805624394457093
1240806645355118592
1240813999509430276
1240817524947763200
1240820383433064453
1240821394390335489
1240824145446871041
1240828468750843906
1240831190854230016
1240834964205297665
1240835992690610176
1240836467410288641
1240839747465084934
1240839749637672960
1240847147370774528
1240853540882526208
1240856608164458496
1240860131887374336
1240860628127973377
1240860888527233024
1240862142481473541
1240868838318788613
1240875507002081286
1240877490287116289
1240880258225778688
1240887034509766661
1240891091290927104
1240897454679220227
1240898888665640960
1240905808537358338
1240912179597017088
1240918840596463616
1240923805616410624
1240927324612309000
1240929347629916161
1240932109369454592
1240938652601126913
1240943937935814657
1240944682508705792
1240951597615718400
1240959283484930048
1240963831230337024
1240970741765541888
1240977079392448512
1240983644589752320
1240987800146763776
1240989246581768192
1240995568119398406
1241000566492405760
1241003326503821315
1241006592251887625
1241007611895525377
1241010625880428545
1241010639830736896
1241011377885634560
1241012377451192321
1241016410299666433
1241018667401383943
1241019684344025089
1241019693290459136
1241022710773358593
1241026994600660992
1241029999286681600
1241032513759465473
1241038828237926401
1241039811080830977
1241040330528604163
1241040817533399042
1241041010987319298
1241041292337057792
1241042057029922817
1241043839911149568
1241047618349826048
1241048625330958338
1241048627109388305
1241048702757765125
1241048840846934017
1241049090852601858
1241051650179108865
1241052197745500160
1241052656950542336
1241052657265106944
1241055411530346498
1241056209240719361
1241057436724854785
1241057438478065666
1241058216873787399
1241058950415515648
1241060713768128513
1241060748186603521
1241061154878902273
1241065820127723522
1241068253318909958
1241071515157872651
1241072046316101632
1241072536798007296
1241073560929677312
1241077923202961421
1241079084677042176
1241080327638061063
1241080586351128577
1241082301477457921
1241082595133337601
1241082850558062594
1241085135639982085
1241085318805303296
1241086872841072642
1241087634698645504
1241089645477322753
1241091140943851524
1241091245612642306
1241092927683571712
1241092999129583620
1241094186427965441
1241094187933720578
1241096194807476224
1241096455798116352
1241097940338446337
1241099274231984130
1241099609595883520
1241101716998815744
1241102029176651778
1241103507970830340
1241106239188275200
1241107343888257030
1241110039470972933
1241110538026921984
1241110791820120064
1241111039044915204
1241111259904446465
1241112312364314627
1241116578437115905
1241119014400798721
1241120105435738113
1241121505758580739
1241122873273696256
1241125244783546368
1241126546619981825
1241127130530013184
1241128327684984837
1241128651468521473
1241130225808932865
1241135618589147139
1241136205737189376
1241136572369702913
1241140986849497092
1241140987000389632
1241142986429345798
1241146025571737605
1241146519266496515
1241146761030270978
1241151304807956482
1241156029146173441
1241157344546996226
1241157395750977541
1241158088402575360
1241160375086862336
1241161629913448448
1241165395748413440
1241166695303122945
1241167404950007814
1241168098104938496
1241168428913889280
1241168928686170116
1241168930321858565
1241171185548886016
1241172689966059520
1241173196864458758
1241183277123350528
1241190750701969408
1241197257690697734
1241205002988924928
1241212635665883137
1241220563793821696
1241228445012672512
1241236097792978951
1241243884614815744
1241251690940071936
1241259363190390784
1241259506870431744
1241267506872025090
1241275402561167360
1241283302033629189
1241284821768376327
1241292655251861504
1241300457961730048
1241308363004301312
1241318702127120387
1241326704188162049
1241334160893018113
1241341955004665858
1241349031495979010
1241353337087418368
1241353576137592832
1241360315452882944
1241364701155602433
1241369405499506688
1241372572131917825
1241376323697860623
1241380831525994498
1241384134951534594
1241387953169092614
1241393521023766528
1241393925484621826
1241395211504320514
1241396288765263874
1241401563018670084
1241407017660620801
1241407129929560070
1241408071970230272
1241413962970923014
1241416829173731329
1241417188604551168
1241418306814390272
1241418869476069382
1241420603770494982
1241420733374517261
1241421594670649345
1241424652112707585
1241425017591738369
1241431368850079746
1241433154507939843
1241435463426203649
1241435510414983171
1241437448472801281
1241443185680879627
1241444211498659845
1241444982193610756
1241451394550444035
1241457307122311173
1241461095921061888
1241463034968788992
1241465025979650054
1241465365919662082
1241466158865436673
1241467300466823169
1241474121227210758
1241476313900290050
1241477191717838848
1241483783993462786
1241491258142572545
1241498595477663744
1241505793897267201
1241511430995787778
1241513193131868161
1241516204050853888
1241517458810384396
1241519976730804226
1241527442382237696
1241530806365028352
1241535101936324608
1241541757277474816
1241543137820098560
1241549820499804161
1241556164573384711
1241562730949214219
1241570180435718144
1241576830647369729
1241583378345975808
1241590295592124418
1241596635769118720
1241603072981446662
1241609857410662400
1241616556293066753
1241623146010234881
1241629964459442176
1241636520974573568
1241666450286358530
1241673805208129536
1241681040143454209
1241687956395642880
1241695148880400384
1241714419719122945
1241721103648768001
1241727691113594880
1241735072421732354
1241742152964718599
1241749243221676034
1241756289409179648
1241762846159110147
1241770025901580288
1241773680939720707
1241774644287373312
1241780960422739969
1241784603435765760
1241784721107009537
1241789763553841152
1241796334774091777
1241803691117744137
1241807884935192577
1241815233947144192
1241816682332643329
1241820213588393986
1241821976123052032
1241828379395076097
1241833539013947394
1241840341159985152
1241847733113303043
1241849257700855808
1241851906730967042
1241858505222639621
1241863252524650502
1241863910745128963
1241870822442229765
1241871842266296320
1241878146443612163
1241878964106297344
1241886220382240772
1241888370512613388
1241891836773519368
1241893803063218189
1241900517191823364
1241907401672011776
1241909874512007170
1241913995113762816
1241921294737846278
1241927954441080835
1241934761024802816
1241941581671825411
1241948141315919872
1241954678985953280
1241961534781362176
1241967964330622976
1241974368009359365
1241981245468401664
1241987763903311872
1241994344133021697
1242001000044441602
1242007352150233090
1242013792059510784
1242020484721631234
1242026975566483456
1242033369992617984
1242039861969915904
1242045807110602758
1242047243047309312
1242048678854082560
1242050497139310592
1242052673593114624
1242058815949996034
1242059260328017920
1242060348729032709
1242062682305544193
1242064207245443074
1242065563544891394
1242072617315688452
1242074162216210433
1242075810066038784
1242077869607706625
1242079954847903759
1242081676899090433
1242081683022778368
1242083319577300992
1242086681924308992
1242087340782354433
1242088966746185728
1242090249326596096
1242091592606978048
1242092613693583362
1242096226243350530
1242097277159780354
1242098789109858307
1242099049303547909
1242099553827946496
1242102312170029058
1242102828048490504
1242103851714519042
1242104319253635083
1242105873859850241
1242106338496450565
1242108404065357825
1242111172129755137
1242112126174535693
1242115566707658753
1242115662241292288
1242118992183136260
1242120891816906753
1242121933292011521
1242122953409605633
1242124633031217155
1242125822351335427
1242126731034669057
1242127649926979584
1242128493200265216
1242131008801124352
1242131954339844097
1242132015421575168
1242133529196138496
1242135073773752323
1242136624579969025
1242137845697073153
1242139781246652416
1242141448293814272
1242144306485514240
1242146991720804354
1242147356893679618
1242147622401556482
1242150254503477248
1242152227130744832
1242152691347927040
1242154023341432833
1242155904730103810
1242156007012339714
1242156497754370061
1242157192482115588
1242159025212571656
1242162713654108168
1242163229519994880
1242165658688860167
1242167062027476995
1242169176866926594
1242171736692592641
1242173155868844032
1242173217428602881
1242174021694902279
1242179748190728197
1242179929866997761
1242180247870726145
1242182184556953600
1242184499426996224
1242186851076706306
1242188382551314433
1242188415497646086
1242194930430365698
1242196191359701002
1242196440228737024
1242197620128432134
1242198644650119168
1242200124308238339
1242204123501600769
1242209033773297667
1242209553313337344
1242215310314397697
1242215835588067329
1242218852462866432
1242219868704985089
1242226884227878912
1242233678656405504
1242233926569074688
1242242781927616512
1242246527902527490
1242250291959009281
1242258092164775942
1242260112426913797
1242262629671940097
1242267426839986180
1242271437727162368
1242272427486347265
1242275453001490432
1242277736258961409
1242284011281670144
1242284787647250432
1242292848659234816
1242299894922174465
1242307096026255361
1242309680598302723
1242309686180937728
1242317320233660419
1242324483534475269
1242331700283281408
1242338123876630529
1242345924791320577
1242353234196430849
1242360549821857792
1242368260928147457
1242375432776925185
1242382773345804288
1242389875678199810
1242392389983113222
1242394944368775168
1242397454252859393
1242400425753677825
1242403009105137666
1242405989430833152
1242408590046093316
1242411154019880960
1242413599450161159
1242416897334935552
1242421216910213123
1242422687433097216
1242425568056008704
1242427984516124673
1242428624130772996
1242429579257622530
1242430771782193152
1242436392287907840
1242437275155345421
1242437412980228105
1242439284461670400
1242442361453625346
1242442627657748481
1242443705186992135
1242444164173873157
1242444819798077442
1242445567265038337
1242445568061984776
1242446993403846657
1242451205273595905
1242453604453228544
1242453734422167553
1242456382156222468
1242456395401891841
1242456910043009030
1242457323169341445
1242460556554051585
1242462404056961025
1242462654016479234
1242465025509343235
1242468045030916097
1242469483966615557
1242470030564110336
1242472515131322369
1242473389341712386
1242474932677808128
1242476030905978880
1242477536552071168
1242477830962917377
1242478705626226688
1242481374424182784
1242482004597358592
1242482334110298113
1242483845494177792
1242486191058030598
1242487867114426373
1242489119588179969
1242490882659618818
1242491141435555840
1242492894415634435
1242493250801451008
1242493402203242497
1242496500841754630
1242499410631757825
1242499675846070277
1242499907036086280
1242502642858889225
1242506985221828608
1242508107428835333
1242511670506856455
1242513706996686860
1242515988639293440
1242517031699832832
1242518835946815491
1242519658613350400
1242521069568786432
1242523829215399936
1242526757393227776
1242529907613335553
1242531022694203396
1242531197990973440
1242533149416005632
1242536374546444288
1242541036414656513
1242542239328411648
1242543812746137603
1242545126007885828
1242546504042242049
1242546504348418048
1242548719922245632
1242549333867794432
1242551425126871041
1242552274536337409
1242552871821901829
1242553157835788289
1242553782363394048
1242555484147769345
1242558533465497603
1242558576327102465
1242559692116766723
1242560567073742849
1242562348994494464
1242565035630698502
1242567394117246977
1242568877650960384
1242569407454482432
1242572414892101646
1242574763903647751
1242575145061027841
1242576952621502468
1242578447261675521
1242580337689059330
1242581445903867905
1242582645588066304
1242584741632774149
1242586251259260928
1242589462531637248
1242590540744589312
1242591987867373568
1242592599581622274
1242594059262271488
1242595225010409479
1242595954529898503
1242596897619091458
1242603865335304194
1242607139849408516
1242607782488084481
1242611178398011392
1242616966424264705
1242619995131183109
1242627684875763712
1242634299188396033
1242636077355204608
1242638349959073793
1242642624240070656
1242645903829282818
1242652447560085504
1242652692511707136
1242654451703431169
1242657222846492674
1242663973796937729
1242670340368748549
1242676779342540801
1242679924269424640
1242683648333287425
1242684157203042304
1242690460344356866
1242696875888848897
1242703697311862784
1242710008015589377
1242716512458346496
1242723531609210880
1242729837950914560
1242736509041729536
1242743408273305600
1242749907498303488
1242756625297006593
1242763337697460224
1242765208009015296
1242765867949199361
1242767698557362177
1242774252404834309
1242777269967429638
1242779634942476291
1242781983467606016
1242783235509301254
1242784882830520321
1242787713809555456
1242790138687688704
1242793119260782596
1242794567063285762
1242795373946699777
1242796375412219905
1242798491631595521
1242798677921579008
1242800339625086976
1242800943185494016
1242802247152607234
1242803457075163138
1242803672137871360
1242804204009390081
1242806804675014665
1242809223391698944
1242810511743496192
1242813764245901314
1242814498223857664
1242816967804944386
1242818802330583041
1242819566679535617
1242819807159951363
1242823325497335808
1242824588758835200
1242825588387254273
1242829074529161216
1242831641682288644
1242832624432951298
1242832624479059969
1242835437720403968
1242836425197969416
1242837666808451074
1242841948710490112
1242842703190245376
1242843456906674177
1242844484221706244
1242847211945373697
1242848497080164353
1242850695591665664
1242851247935324162
1242854553655148546
1242855268125466624
1242855787262873607
1242859240861155332
1242861072106827777
1242861072111075335
1242861575255531524
1242862327965323269
1242862329752150019
1242864587373830144
1242869612850667525
1242871631401361408
1242874202866069505
1242877040119906307
1242879459356749827
1242879782615908353
1242882004280057858
1242882467922677763
1242884804682579968
1242886060989874178
1242888494273478668
1242890768450301953
1242892590279606272
1242894698760593410
1242895140106252288
1242895596970807296
1242895621121609729
1242896181837037568
1242896905530683392
1242897066537476098
1242897570084597763
1242897579689607169
1242898873791795206
1242900330725232641
1242902652368945154
1242902814717812745
1242905763699400706
1242905974513504256
1242906114267787264
1242907821705920513
1242910613984153603
1242912995669393411
1242914074486280192
1242914617673875458
1242915703298109442
1242918561955418112
1242918971478872064
1242920452638609408
1242922705332121600
1242924045647183877
1242926500715868163
1242928802449313792
1242929250338029570
1242929280423735301
1242931702902796289
1242934782314590209
1242935290194472961
1242938439483482112
1242941794469412866
1242941914632028161
1242944400361218055
1242949008710131717
1242949181821591559
1242949482196668421
1242949670047035392
1242950289768022022
1242950662624772098
1242954662015311872
1242956015718588419
1242958032637693952
1242958085913808896
1242958958404546567
1242963112497684487
1242970877593104390
1242972312435032066
1242973314521366529
1242973600648441864
1242974165361188864
1242974614315204614
1242975905481478144
1242977394178261000
1242979108033880064
1242986127755300874
1242987143443681281
1242994602795249666
1242998731911434240
1243003501455855618
1243011310478077953
1243012836177166337
1243015581152018433
1243015841832108032
1243016095231029254
1243022299873280007
1243024955563966466
1243032115861749760
1243038763481042944
1243043526092500992
1243050303404101632
1243056626665472000
1243061631569014784
1243068645309366277
1243075088259350529
1243081475609841664
1243088308122640385
1243094840956641287
1243101426148159488
1243108493348962304
1243114866921046017
1243117502651138049
1243120165887389696
1243122874656919552
1243126029323063296
1243129084777050117
1243131722054668288
1243134389766283264
1243136725603540992
1243139421450514433
1243142572626849792
1243145771555401729
1243148929639874560
1243151655719354369
1243153921654358020
1243154017762639873
1243155514260885505
1243155679558406145
1243157843257286656
1243158212452417537
1243159968179793920
1243160777411792897
1243160779739693057
1243162661187203072
1243162829034852352
1243165568200577025
1243167654346723328
1243169961591345152
1243172365900660738
1243174236140822529
1243176868372676610
1243179500726300674
1243182091686338565
1243184719996628997
1243184946853928961
1243189232388243456
1243189492191834113
1243189727471325185
1243189727689420803
1243190728760668160
1243191503020834817
1243194798296780800
1243195221971779597
1243197896327135235
1243199855432019970
1243202506978721792
1243203239480344577
1243205396665438210
1243206540250750978
1243207077960519680
1243207605591441409
1243210772643282951
1243210772903321602
1243212637317607425
1243215508268371969
1243217173788659712
1243217933293309955
1243221680526430208
1243223713807585280
1243224202347503616
1243226820666941441
1243229450721992707
1243229995046260736
1243230520047173632
1243230752881496065
1243231669617901569
1243233007982579714
1243233759916408832
1243234286347616257
1243237505916440578
1243240309368201216
1243242322273468423
1243244604754997248
1243245141827166210
1243246607174336512
1243247622619648005
1243252159086460928
1243255070063542280
1243257943623073801
1243259609483292673
1243259693415399425
1243262649762226176
1243264731600863233
1243267302528880641
1243268223602167808
1243270526077976577
1243272451842334722
1243275147563409410
1243276168402477056
1243277012090970118
1243278073681842185
1243278691687370757
1243281025784045568
1243282311157895175
1243285055901962240
1243286877567942658
1243289655640051721
1243291168110190592
1243292403005558786
1243293236896112641
1243294007784079362
1243294433459789827
1243294562363334657
1243297308458041351
1243298198569070601
1243299218183331843
1243301730554720261
1243302313395134470
1243305211353092098
1243305282270363654
1243307219267006465
1243308608344985603
1243309028878491650
1243309031827128325
1243312171880189959
1243313810141741058
1243314137670856704
1243314555809345539
1243315924977016837
1243322359764987905
1243323376493629441
1243324986657517573
1243327254043578368
1243327892957925377
1243332658987520000
1243332667787161601
1243333425311944710
1243334867523436545
1243336462101295104
1243336462147497987
1243336968567750656
1243341122862284801
1243342739917492226
1243345783270883330
1243349040634507266
1243356288668454912
1243363192442474497
1243363374823387136
1243364656653070339
1243371905618411520
1243378835854417920
1243384275845537795
1243391341658140672
1243397696003555333
1243404288858009601
1243411198378295296
1243417769195892739
1243424425992540164
1243431381406973953
1243438060500647936
1243444459502735360
1243451241729945600
1243457921087877121
1243464489007284224
1243471422720225286
1243477829024657409
1243484536928964609
1243490989777367041
1243492298828255235
1243494547210080257
1243495843820384258
1243497124031070210
1243498800578211840
1243499392121929728
1243500481877618688
1243508322956914688
1243508538376323074
1243510808593797121
1243512653701619714
1243514014472245248
1243515375913967617
1243523601858527235
1243526116238921733
1243527446558892035
1243527716495908865
1243527969378832384
1243530123988606979
1243531453184557057
1243538440941076481
1243539434286518273
1243539937183641602
1243541458621259776
1243543434364846088
1243544913721114624
1243547337596833795
1243550352634454026
1243550613029433347
1243551714743128065
1243553563336474624
1243555277745590273
1243555902290112513
1243557944173776896
1243560087857307648
1243560427080089600
1243568578756042753
1243569528505802753
1243570234998521856
1243571661686915072
1243572444465639424
1243573958584217601
1243575214476328962
1243578669827792899
1243579291151020033
1243579818177945600
1243580049787424769
1243580317115518977
1243581326034456581
1243583077219291136
1243584352312864769
1243585895871262726
1243586844069167104
1243587106066141184
1243588365221613569
1243591089396817922
1243594871245541376
1243596619221696512
1243596918682537987
1243597160517701635
1243597160593215494
1243597414877007874
1243600343835062276
1243600637746692099
1243602357134508040
1243603775555805190
1243605176558260226
1243608164349677569
1243610311774613506
1243612935022358536
1243615298953117697
1243616545194102784
1243618907291820037
1243620441488609284
1243620565958696963
1243622135215656962
1243626258287800321
1243629165984833536
1243630543142617088
1243630646947389440
1243630899545223168
1243632255152635904
1243633152318476288
1243637073506185219
1243637499626500096
1243637673656541186
1243637843899097088
1243642976229822468
1243644939814273027
1243646413239734278
1243647657421217792
1243647825243668487
1243649307699544066
1243650441658933248
1243650773264850944
1243652539398094849
1243653637265666049
1243654052426256385
1243656057706164225
1243658079289454594
1243660082308579328
1243661185280548864
1243664880315576328
1243666590777978882
1243669554405965824
1243669671158611974
1243670154833207296
1243670644363005959
1243671154361065476
1243671976729862146
1243672512787070976
1243672652168007682
1243672918145609728
1243676937475756034
1243678248254476288
1243678461325164548
1243680972127772675
1243681017006895106
1243684046481358848
1243686022829006849
1243687763884605441
1243688278571847681
1243696044048814080
1243697082076221446
1243701601333915653
1243701855110250501
1243708168066289666
1243709651570642944
1243713697555656710
1243721428245020677
1243722250609713162
1243727020984619008
1243728783011721218
1243735599779139584
1243743327968731136
1243750142529941506
1243756818767233031
1243764036900192258
1243770619054952458
1243773165005934593
1243777296370196480
1243780841660129282
1243784639162060801
1243791316988973056
1243797775898345472
1243804764414128128
1243805157973950464
1243811863491678208
1243818323055456257
1243825685908664321
1243832895212531712
1243840646793891845
1243848039716007936
1243856025846939648
1243885299551305730
1243888376056557569
1243888583221620743
1243893330557222922
1243894378004914179
1243897136120545289
1243901867056398337
1243904237949595649
1243905192476770306
1243907812297773056
1243909068986744833
1243910234621579264
1243910800563146754
1243911151668334593
1243912467799048192
1243914168702570496
1243915011124269057
1243915862509342726
1243920060533682176
1243920546695450624
1243927914644676610
1243931517623074816
1243938417941123074
1243943560380141568
1243943992951296003
1243950711089573888
1243956641009209345
1243957417840390145
1243958606824968192
1243961576220233730
1243966859193483264
1243967923447910403
1243968061759242240
1243972542697742336
1243973157536571392
1243973647238389760
1243976930690568192
1243978422122090497
1243983447451893761
1243983679141142529
1243983711630213121
1243985052293308416
1243985986650083328
1243987450327904256
1243992052657819648
1243995295261868034
1243996799871987714
1243997808430063616
1244000409406013441
1244000568642875392
1244000838634409984
1244004846493208576
1244005359641153536
1244009137664647168
1244013158718681089
1244013413526896641
1244021172024606721
1244028435636379650
1244028462635061248
1244035695175442434
1244039832755634177
1244043606056452101
1244047906044289024
1244051680980873216
1244058912023883784
1244062366033154048
1244065942327394305
1244068259881779201
1244077967459995649
1244085355764211718
1244091712617828354
1244099123772563463
1244106627285991427
1244112940552409091
1244119501953814529
1244126607805161474
1244127160631275522
1244133189662191617
1244135083935752193
1244144794164703232
1244151570310275072
1244157957862043648
1244164777758412803
1244171597839245313
1244178210704764928
1244185004793626624
1244190326279090176
1244197115758346240
1244204143973216256
1244210505381810176
1244217597001895937
1244224409302433793
1244231063339220992
1244232847482912769
1244238292150816768
1244245076483674115
1244251619891597314
1244255831060865025
1244261288848564225
1244264501068926977
1244265835495149570
1244266853477896192
1244268588640415750
1244269842183700483
1244276133027360768
1244277244425633798
1244278143017508867
1244279168675782657
1244281575703011329
1244284446783741952
1244288234961731585
1244290805336100864
1244298226175442948
1244300568274833408
1244307625266814976
1244314304985419776
1244316457414144001
1244318170103586816
1244321431833509895
1244322439267581953
1244329702938025986
1244331593025630213
1244338755927932928
1244341073767469058
1244342827515088896
1244343066636533760
1244349837832847365
1244354146439921667
1244361218560835592
1244367967619551233
1244374579507757056
1244375603186487304
1244378392960663552
1244385087053017097
1244389728729862145
1244397993450770434
1244404333128663041
1244411849090752513
1244419298438844417
1244425692147785729
1244429007778652160
1244435807726964743
1244441988705013760
1244445256554348545
1244446759029538817
1244454173908836352
1244454577350610945
1244454953160192001
1244461879096946696
1244469381985337356
1244475929717542922
1244482492977086464
1244489531878973440
1244495857711489026
1244502496141291520
1244509347524366336
1244515923932913665
1244522439599677440
1244524773532667904
1244531702158032896
1244533829337067520
1244534607955079168
1244541072342159360
1244547561798750208
1244549950068883457
1244553471375917056
1244553471564697600
1244555731426258945
1244562553176494080
1244569102460637184
1244575882934697984
1244578284022779904
1244580722934976513
1244583588420558848
1244586112032616448
1244588641508261888
1244591548223893506
1244595298225270786
1244597766535499776
1244600277862420481
1244603341495205890
1244606474673930241
1244610619141165057
1244613841713061890
1244613841729785856
1244614426306719745
1244615396306624515
1244621682695909377
1244624195989811200
1244627369027162113
1244629468225908737
1244631235583934465
1244632479866261504
1244632609075998720
1244634765350879233
1244636575117516800
1244638345956929538
1244640977534533632
1244641536534556680
1244641618893864960
1244641806710706182
1244642323235037184
1244642848278040576
1244643074061500418
1244643564958728194
1244644317609803783
1244645568246415363
1244646075845218309
1244646368473501696
1244649167244451847
1244650661817483268
1244650851022639107
1244651444327809024
1244651632454926338
1244652872593268737
1244653224533078017
1244653641140756481
1244654139528957953
1244654480701960192
1244655243645902852
1244655847487070209
1244657162321825792
1244657255477383168
1244657816780050433
1244657889869873155
1244659160366624771
1244659469113573378
1244661947523633153
1244662190793199620
1244668467065823233
1244671408862646272
1244673854389223424
1244675510749351937
1244677242111889409
1244680075540299787
1244681541441277954
1244681770248912896
1244683843073908736
1244686892223922179
1244687601182875648
1244689639648178177
1244689864001380352
1244690114078552064
1244690529788583942
1244692891198521345
1244694141994442759
1244697549937786880
1244698677626703875
1244699175020826631
1244700184925351938
1244701566134824961
1244703331018309635
1244704063100502023
1244706944117608449
1244710999388815362
1244716517217968140
1244716803340804102
1244716998883446786
1244719636354142210
1244720591212552198
1244721713549639680
1244724570210394112
1244725616722804736
1244726369176752133
1244726684055633923
1244729622559948811
1244729880358641664
1244733098513793025
1244733915547537410
1244734152357928960
1244737008934817793
1244737389274284035
1244740000148787211
1244746952916586497
1244747508309467137
1244750374952669184
1244750771792609281
1244759457193766912
1244767683318603776
1244775096281190400
1244779269684891649
1244781985991725056
1244788418569285637
1244791289268391936
1244794060738568200
1244800104046919680
1244803120636604416
1244808388007145472
1244815693289271296
1244815960986484736
1244817209517649924
1244825467665989633
1244833563293503488
1244841572249882624
1244849613502386176
1244857509371957249
1244865361666871297
1244867784334618626
1244875749909282817
1244883743145369602
1244890953858646016
1244898969152557056
1244906311315226625
1244914335891292160
1244921848472764423
1244929662893113345
1244936975112638464
1244939616177860609
1244942159272382469
1244945281864663040
1244948326300233728
1244950896691359745
1244953922797780992
1244956497857130496
1244959207826296832
1244961981012086784
1244964733524066305
1244966102167363584
1244968396044865538
1244973017186422786
1244973549661622274
1244975407893536770
1244978362554224640
1244980543906820096
1244988359933640704
1244990714141978625
1244993887548121088
1244994358157422594
1244995633594929154
1244999905426526209
1245003035883048966
1245004419332268033
1245006879618719744
1245009588761563136
1245010045575794691
1245012533863481344
1245012826260942848
1245013438587379712
1245018250544644096
1245018440773091328
1245019540754444288
1245020043424997376
1245020286812110853
1245020604069273600
1245020976947093507
1245021410520694787
1245022584602791937
1245023347056009216
1245025327027535873
1245025495743369217
1245025837365301249
1245026331374600193
1245028280648032263
1245029861493792770
1245033750217588744
1245035390488190977
1245035652883845122
1245036157001490434
1245036682581344258
1245037331113009153
1245039667457785864
1245040032504778754
1245040680373714946
1245042212787929088
1245047730730192898
1245048494588657665
1245049535715577858
1245051296115195904
1245054098019409924
1245056984094773251
1245058556325437443
1245058750202941442
1245059544713236483
1245062090634792960
1245062838206574593
1245065300170735616
1245066102482362369
1245068074904096773
1245070215618146304
1245073115278979074
1245073759750500356
1245078929884446722
1245079193634906113
1245081379605557250
1245083298054971392
1245084956273016835
1245087444237778945
1245087707572961286
1245088363574681608
1245091508816097291
1245091510334509056
1245093061123809280
1245095599608942594
1245097560911601666
1245100531066056705
1245102922993549312
1245105270038159360
1245109219055067141
1245110934340874251
1245115984211574789
1245116794735603713
1245121267780456455
1245123482201063431
1245124169542643713
1245126628889559045
1245128114138763264
1245128507367309312
1245128939460321280
1245133705791836164
1245135069750210568
1245142846279241728
1245143330075353088
1245145512342433798
1245146110919946241
1245148342692298753
1245152422869315585
1245159204781989888
1245166273224417282
1245169791108820994
1245177659400892423
1245185129837969408
1245186131873980419
1245193357447528448
1245194683967512576
1245200983308881920
1245208040242020352
1245210800698142720
1245217352658169857
1245219371452170241
1245226206720655360
1245227359189565441
1245233714579341313
1245240019889065985
1245246884018610178
1245253339677368320
1245259815150125056
1245266793163350017
1245273363058249728
1245279683899543552
1245286344794005505
1245292787542753281
1245299556822155266
1245306186267865088
1245312872030310401
1245319961263865856
1245326321074479111
1245333403118993408
1245335879964594176
1245342640859762688
1245343178053636098
1245349621469192194
1245350234894540800
1245350244751196166
1245356264613437440
1245361039602077696
1245362830653689856
1245363050699468800
1245363312466026503
1245364063661678593
1245368080643035137
1245368336982183936
1245368826348351488
1245369978687229955
1245371355035578369
1245380691925360641
1245380932258934787
1245381185259307010
1245382181448495112
1245383925599535108
1245384191438708736
1245384460012597249
1245385961120378881
1245386926930132993
1245387205268443136
1245388473630154756
1245389984242245638
1245392497280462848
1245392756077400064
1245398275139698688
1245399285203644417
1245400568622985218
1245401410272931842
1245404424622792710
1245404571775705088
1245405835347582981
1245405835393720321
1245407540432830470
1245407879408033793
1245408617349685249
1245410622281572352
1245411879352229889
1245411965754839042
1245411988773253120
1245415413585973249
1245416658925170691
1245418218719764485
1245418913392967681
1245420432624410625
1245424459928031232
1245425397971521536
1245425470541348865
1245425484529381383
1245427244840792064
1245428498849808385
1245428731302359046
1245428790072954886
1245429999110365189
1245432514933673986
1245433012537434118
1245433767914766336
1245434040636846080
1245434890864283650
1245435278766071809
1245441493525020673
1245442598472495104
1245444183902564354
1245444585809162245
1245445276078309378
1245445538633449472
1245447607041875969
1245448505205932032
1245448784450064386
1245449637227638786
1245451796325302277
1245457422359187457
1245457683035164679
1245457934240317440
1245458292530393090
1245465434528284672
1245467274263347210
1245469252871761923
1245471770276179974
1245473637383225345
1245475903951581185
1245476820331495424
1245478830988558336
1245483171464056832
1245487723286274060
1245488874853408769
1245491155632037894
1245491902079799302
1245494164608991233
1245494447971893250
1245497194548994050
1245497946562592771
1245497947061727232
1245498064925753347
1245498179170242560
